218021700 35.98636 -120.54102 2.32600
218021701 35.98713 -120.54248 2.19900
218021702 35.98886 -120.53558 2.95400
198000000 35.97905 -120.53977 2.45000
198000001 35.97945 -120.53944 2.39500
293232200 35.98429 -120.54319 2.56800
310202900 35.98607 -120.54851 2.38700
356102400 35.98643 -120.53992 2.70200
359010800 35.98430 -120.53722 2.57600
99080500 35.98488 -120.54168 2.39300
217043100 35.98477 -120.54249 2.63900
293232201 35.98632 -120.54211 2.73000
310202901 35.98662 -120.54530 2.59100
356102401 35.98638 -120.53962 2.75000
359010801 35.98412 -120.53634 2.69600
99080501 35.98616 -120.54113 2.74100
217043101 35.98758 -120.54305 2.81400
23075300 35.98800 -120.53617 2.87600
23075301 35.98552 -120.54044 2.17900
125050100 35.97422 -120.55178 0.87900
125050200 35.97447 -120.55161 0.90500
125050300 35.97450 -120.55116 0.91400
125050400 35.97449 -120.55139 0.93000
125050500 35.97447 -120.55127 0.94900
125050600 35.97447 -120.55189 0.95000
125050700 35.97455 -120.55171 0.94100
125050800 35.97450 -120.55133 0.94800
125050900 35.97465 -120.55164 0.97300
125051000 35.97483 -120.55117 0.94800
125051100 35.97461 -120.55164 0.97700
125051200 35.97473 -120.55133 1.10000
125051300 35.97492 -120.55131 1.08400
125051400 35.97477 -120.55134 1.09200
125051500 35.97500 -120.55113 1.08600
125051600 35.97512 -120.55100 1.06600
125051700 35.97511 -120.55110 1.12300
125051800 35.97519 -120.55113 1.11200
125051900 35.97502 -120.55114 1.13400
125052000 35.97523 -120.55106 1.12900
125052100 35.97545 -120.55106 1.15400
125052200 35.97527 -120.55090 1.18200
125052300 35.97543 -120.55091 1.18300
125052400 35.97558 -120.55072 1.17900
125052500 35.97548 -120.55065 1.19200
125052600 35.97561 -120.55081 1.22400
125052700 35.97594 -120.55065 1.21000
125052800 35.97598 -120.55064 1.23400
125052900 35.97622 -120.55059 1.23000
125053000 35.97618 -120.55046 1.23900
125053100 35.97611 -120.55062 1.27900
125053200 35.97610 -120.55027 1.27100
125053300 35.97626 -120.54999 1.27300
125053400 35.97649 -120.55001 1.28300
125053500 35.97654 -120.54993 1.29800
125053600 35.97668 -120.55011 1.32100
125053700 35.97673 -120.55007 1.33800
125053800 35.97673 -120.54974 1.33700
125053900 35.97688 -120.54968 1.32700
125054000 35.97693 -120.54950 1.34200
125054200 35.97728 -120.54989 1.35600
125054300 35.97735 -120.54949 1.36800
125054400 35.97751 -120.54950 1.38000
125054500 35.97731 -120.54916 1.39500
125054600 35.97724 -120.54909 1.41200
125054700 35.97762 -120.54905 1.39800
125054800 35.97777 -120.54906 1.40200
125054900 35.97774 -120.54893 1.41700
125055000 35.97789 -120.54883 1.43400
125055100 35.97797 -120.54875 1.44600
125055200 35.97794 -120.54861 1.45700
125055300 35.97810 -120.54851 1.46200
125055400 35.97819 -120.54845 1.46600
125055500 35.97827 -120.54830 1.48900
125055600 35.97815 -120.54812 1.49300
125055700 35.97846 -120.54835 1.51700
125055800 35.97841 -120.54815 1.50400
125055900 35.97865 -120.54822 1.52400
125056000 35.97890 -120.54815 1.55600
125056100 35.97894 -120.54804 1.57100
125056200 35.97895 -120.54783 1.56900
125056300 35.97903 -120.54769 1.54500
125056400 35.97910 -120.54775 1.56400
125056500 35.97914 -120.54750 1.55000
125056600 35.97946 -120.54746 1.55600
125056700 35.97960 -120.54752 1.60500
125056800 35.97936 -120.54711 1.58800
125056900 35.97951 -120.54721 1.63600
125057000 35.97950 -120.54708 1.61600
125057100 35.97952 -120.54691 1.65000
125057200 35.97957 -120.54703 1.66500
125057300 35.97980 -120.54678 1.65000
125057400 35.98005 -120.54675 1.66600
125057500 35.98000 -120.54673 1.67100
125057600 35.98006 -120.54662 1.66700
125057700 35.98007 -120.54663 1.70500
125057800 35.98007 -120.54687 1.72000
125057900 35.98018 -120.54640 1.70600
125058000 35.98017 -120.54628 1.69500
351034600 35.98662 -120.54339 2.82300
351063500 35.98234 -120.53752 4.35000
353171400 35.98807 -120.54718 5.97500
355041000 35.97454 -120.52716 3.30300
364071800 35.97583 -120.53143 2.87700
5160000 35.98152 -120.54116 1.76200
5211500 35.97870 -120.53710 2.28300
5211800 35.97833 -120.53692 2.23500
6035600 35.97810 -120.53708 2.17500
6080300 35.98061 -120.54032 2.23100
6080500 35.98042 -120.53937 2.06000
7003900 35.99078 -120.54667 2.83800
7135700 35.98774 -120.54310 1.88700
8100300 35.95982 -120.51419 4.00900
11165000 35.98984 -120.54683 3.44100
13144800 35.98060 -120.53749 4.29000
15033400 35.98068 -120.53586 2.65700
15080200 35.97944 -120.53602 6.88800
15194200 35.97846 -120.53640 2.13700
16081100 35.98864 -120.54456 3.19400
16100600 35.98763 -120.54314 3.33200
16225100 35.99157 -120.54722 3.19700
18092100 35.97892 -120.53833 2.16000
120063400 35.99301 -120.55137 3.43600
121172700 35.97933 -120.53640 2.50500
121203700 35.97467 -120.53987 5.10000
122031600 35.96837 -120.52316 1.41400
122033300 35.99495 -120.55484 2.25900
122033700 35.96990 -120.52664 1.50200
122195000 35.96630 -120.52649 4.27400
124092300 35.99925 -120.55664 2.81500
124213100 36.00079 -120.55706 2.95600
125184100 35.98235 -120.54522 2.22200
127233800 35.98215 -120.53818 2.72900
279190300 35.98407 -120.54314 2.70800
280160500 35.98287 -120.53781 2.89900
285155600 35.98277 -120.53775 2.88600
284073900 35.98798 -120.54183 2.79900
315110200 35.97423 -120.55234 1.39000
315110500 35.97431 -120.55226 1.27200
315110800 35.97430 -120.55231 1.15000
315110900 35.97423 -120.55234 1.11100
315111100 35.97416 -120.55236 1.02500
315111200 35.97413 -120.55238 0.97900
315111500 35.97412 -120.55227 0.87000
315111700 35.97414 -120.55222 0.76400
315111800 35.97414 -120.55234 0.73900
315111900 35.97414 -120.55237 0.69700
315112000 35.97415 -120.55221 0.64500
315112100 35.97403 -120.55222 0.60300
315112200 35.97409 -120.55221 0.56200
315112300 35.97412 -120.55221 0.54900
315112400 35.97412 -120.55226 0.48500
315112500 35.97393 -120.55218 0.43500
315112600 35.97391 -120.55219 0.40800
315112700 35.97379 -120.55226 0.36900
315112800 35.97402 -120.55225 0.33700
315112900 35.97403 -120.55230 0.28200
315113000 35.97400 -120.55230 0.24600
315113100 35.97414 -120.55238 0.22300
315113200 35.97406 -120.55244 0.20400
315110100 35.97418 -120.55233 1.46400
315110201 35.97422 -120.55233 1.39100
315110300 35.97429 -120.55222 1.34800
315110400 35.97421 -120.55217 1.30700
315110501 35.97427 -120.55223 1.28300
315110600 35.97438 -120.55224 1.24300
315110700 35.97426 -120.55233 1.18400
315110801 35.97430 -120.55231 1.15300
315110901 35.97418 -120.55224 1.11700
315111000 35.97417 -120.55231 1.07200
315111101 35.97425 -120.55241 1.02700
315111201 35.97413 -120.55229 0.99600
315111300 35.97429 -120.55232 0.95900
315111400 35.97425 -120.55229 0.91600
315111501 35.97423 -120.55234 0.88400
315111600 35.97426 -120.55237 0.84100
315111701 35.97423 -120.55234 0.79700
315111801 35.97424 -120.55231 0.76800
315111901 35.97425 -120.55232 0.69600
315112001 35.97428 -120.55229 0.66200
315112101 35.97426 -120.55229 0.62600
315112201 35.97398 -120.55248 0.59000
315112301 35.97424 -120.55215 0.55600
315112401 35.97401 -120.55219 0.51100
315112501 35.97404 -120.55221 0.47500
315112601 35.97397 -120.55217 0.41600
315112701 35.97402 -120.55231 0.38500
315112801 35.97396 -120.55225 0.34400
315112901 35.97398 -120.55224 0.31200
315113001 35.97394 -120.55226 0.24900
315113101 35.97407 -120.55231 0.23900
315113201 35.97434 -120.55233 0.21900
293045200 35.95903 -120.50291 11.45300
293080300 36.01589 -120.55864 4.28800
293112500 35.98588 -120.54134 2.18700
293112501 35.98540 -120.54172 2.10400
293120100 36.02916 -120.57569 9.00000
294083000 35.98499 -120.53964 2.24100
294090000 35.98525 -120.54094 2.17400
294090001 35.98432 -120.54129 2.07600
295040000 36.01551 -120.56807 1.95300
295131500 35.98202 -120.53732 2.71900
296031500 36.03496 -120.58783 2.02300
296074900 35.98960 -120.54478 6.55000
305015300 35.96709 -120.51997 10.13000
317225800 35.94369 -120.53820 9.39400
318040800 36.01814 -120.56703 3.34100
318174700 36.05719 -120.61531 10.03600
319073300 35.98041 -120.53592 2.60000
319184400 36.01900 -120.57330 4.53100
320023000 35.98807 -120.54601 6.27100
323233500 36.01603 -120.57160 3.26100
326161000 35.97663 -120.53105 5.73900
327133100 35.94605 -120.52160 11.48000
329115800 35.98474 -120.53461 7.06900
330010500 35.99525 -120.55117 3.69900
330014100 35.96411 -120.52273 10.36600
330171100 35.97972 -120.53427 4.07900
330184300 35.97902 -120.53347 3.91200
330230800 36.02192 -120.57880 3.40800
331142600 36.01366 -120.56944 3.79100
332223700 35.94808 -120.40024 9.29700
334035200 36.00271 -120.55917 2.10800
231194400 35.96822 -120.52744 5.06300
245143600 35.99113 -120.54524 3.57600
246061100 35.98105 -120.54439 10.04200
252222800 35.96722 -120.52122 3.57400
261074200 35.95376 -120.51377 6.03000
222150100 35.98678 -120.54067 2.23300
222152400 35.98715 -120.54046 2.45200
227205800 36.00122 -120.55704 1.89400
228170200 36.00151 -120.55737 2.01100
232090500 36.00803 -120.56383 3.58800
234003900 36.01282 -120.57083 1.98100
235044400 36.00434 -120.56007 3.05400
238052800 35.95931 -120.51409 1.75700
248100800 36.03468 -120.59295 2.89000
249104000 35.94781 -120.51366 10.37200
253111500 36.03197 -120.59037 2.91800
253112700 36.03189 -120.58984 3.03300
256045300 36.01528 -120.57079 3.48600
257224100 36.03831 -120.59534 3.40600
259062400 36.00501 -120.56116 4.65600
259155000 36.00547 -120.56103 2.98500
264181800 36.02448 -120.58184 3.16700
264182800 35.99342 -120.54891 3.82200
268064700 36.01652 -120.57301 3.25600
268085400 35.99720 -120.55320 3.76600
275102000 36.01440 -120.57017 3.46800
276191000 36.00675 -120.56315 2.99300
277011300 35.99907 -120.55042 12.73000
279044700 36.01149 -120.56784 3.15300
279134500 36.00407 -120.55972 3.12600
281090000 36.01178 -120.56815 3.76300
281173900 36.00685 -120.56264 4.21200
282072200 36.00752 -120.56408 5.52200
283013900 36.01377 -120.57087 3.13600
291032800 35.99536 -120.55102 3.62200
303111600 36.01546 -120.57127 3.28700
309055000 36.03984 -120.59570 3.26000
309070100 36.02525 -120.58209 3.12500
310172400 36.00245 -120.55973 2.12200
340104000 36.01246 -120.56985 1.87200
353030600 36.00753 -120.56553 2.77300
354013200 36.03620 -120.59368 3.45800
355172400 36.03378 -120.59280 3.03600
364075100 35.95057 -120.51582 10.10500
1195400 35.96488 -120.52820 7.57800
25131600 35.99129 -120.54748 3.75100
26100700 36.01147 -120.56797 4.18600
31220500 35.95468 -120.51858 10.00400
36141400 35.95657 -120.51720 6.75200
38085300 36.02233 -120.57927 3.45500
39231800 36.03670 -120.59538 3.16600
40054200 35.95577 -120.51730 6.83700
42150600 36.02709 -120.58552 3.17300
44233100 36.02761 -120.58473 3.24500
76033000 35.98653 -120.54000 2.05600
202004000 35.94106 -120.50795 9.87000
203020000 36.01307 -120.56912 3.10900
204035500 36.02390 -120.58007 3.31400
204103900 35.96956 -120.52911 5.45400
204143600 36.01054 -120.56629 4.95700
206030500 35.97658 -120.53774 7.15100
206031500 35.97708 -120.53826 7.06400
207014500 36.01218 -120.56882 1.60600
207035400 36.00459 -120.56123 2.11700
207182200 35.98036 -120.53835 2.53400
210064800 36.02274 -120.57885 3.22600
210122400 36.03569 -120.59333 3.59400
211071900 36.00066 -120.55684 1.96700
211155400 35.95072 -120.51579 10.36100
211182700 35.95144 -120.51668 10.29700
213085600 36.01148 -120.56776 4.23000
219094900 36.01988 -120.49845 5.51900
220223600 35.99932 -120.55840 5.12600
221231600 36.00807 -120.56596 2.73200
222025400 36.01866 -120.57455 3.23400
223082900 35.98055 -120.53578 3.51600
223153900 36.03702 -120.58670 8.43300
224025600 36.01217 -120.56794 3.70000
225025400 36.01762 -120.57538 2.54400
227042400 35.97925 -120.53430 3.89100
227073100 35.95682 -120.51885 6.80400
228202300 36.01085 -120.56772 3.67400
228211100 35.94709 -120.51414 10.22400
229080900 35.96109 -120.51528 3.58600
229235600 35.99484 -120.55111 3.84900
230133600 35.97350 -120.48451 10.66000
230172900 35.99444 -120.55094 3.99800
230184200 35.98256 -120.53875 2.81100
230201300 35.99580 -120.54635 12.80300
231032700 35.96444 -120.52130 2.88300
231052700 36.00253 -120.56030 3.90800
231105200 36.01623 -120.57413 3.86000
232060600 35.98071 -120.53677 5.01200
235040800 36.02619 -120.58474 1.92700
235102200 35.99600 -120.55257 3.55400
237110900 35.96333 -120.52205 3.02500
239134400 36.02925 -120.58630 3.34600
239173000 36.01441 -120.57079 3.13800
239182200 35.99016 -120.54582 3.87100
239185200 36.02304 -120.57982 3.46200
240094500 35.97183 -120.52669 4.01200
240125200 36.01174 -120.56800 4.25100
240222900 35.98062 -120.53810 2.80700
242034300 35.98001 -120.53729 2.81000
244094300 35.99668 -120.55020 13.15700
244101400 35.99544 -120.55171 13.06500
244104900 35.96722 -120.52973 10.43300
244110400 36.01572 -120.57169 3.37600
245043400 36.00028 -120.55721 1.95800
246212500 35.97462 -120.53006 3.77700
247140800 36.00010 -120.55694 1.96600
247192200 35.96083 -120.51473 3.65100
250004200 36.00841 -120.56468 4.24300
250010100 36.01647 -120.57212 4.82900
251121200 36.01319 -120.57082 2.01500
251123700 36.03536 -120.59251 3.30500
252141200 35.99789 -120.55459 2.18200
253094200 36.02957 -120.58665 2.73200
253185600 36.02104 -120.57784 3.37100
254111000 36.01201 -120.56829 1.68900
254133100 35.96825 -120.53050 6.60400
255232900 36.00633 -120.56235 3.07000
258105600 36.02316 -120.58209 1.76900
259190300 35.97037 -120.52908 5.42300
259214200 35.95930 -120.52267 10.36100
260120200 35.95656 -120.52380 10.36700
260225700 36.00770 -120.56527 5.30700
261061300 36.00719 -120.56569 5.31500
261180800 35.96235 -120.52607 7.20400
263083600 35.94653 -120.51221 10.22300
265181200 35.98147 -120.53738 4.93700
265194500 35.98216 -120.53728 5.03700
266010200 36.03435 -120.59103 7.98400
267132600 35.98100 -120.53693 4.96500
268023400 35.97240 -120.53379 7.18300
268050200 36.02720 -120.58398 3.49000
268050100 36.02665 -120.58438 3.52900
268050400 36.02708 -120.58386 3.46000
268062700 36.00194 -120.56440 9.68500
270003500 35.94380 -120.50016 3.86900
271084500 36.01917 -120.57523 4.68900
275143800 36.01169 -120.56796 4.17600
276115500 35.98020 -120.53754 2.73900
277142100 35.95839 -120.52226 6.36000
277165700 35.99907 -120.55708 2.10600
279041000 35.99740 -120.55422 2.12500
280110300 35.99861 -120.55606 2.84900
280153100 35.98873 -120.54609 5.17500
281074400 36.00502 -120.56361 2.23700
281102500 35.97254 -120.52765 2.85100
281192900 36.00460 -120.56382 2.36300
282013500 35.98802 -120.54233 3.71400
282170200 35.99502 -120.55126 3.73000
282195000 35.98661 -120.54479 2.93300
282213800 36.01260 -120.56862 1.63400
283203200 36.01445 -120.57087 3.26300
283222900 36.00228 -120.55813 2.97500
283223000 36.00230 -120.55848 2.98400
284071900 36.00262 -120.55981 2.09900
284234300 35.99692 -120.55337 4.20900
285063600 35.96154 -120.51718 3.01500
287014200 35.99707 -120.55351 3.73000
287084500 36.01324 -120.56972 3.18700
289032000 36.02425 -120.58082 3.26000
289032100 36.02408 -120.58073 3.27600
289063800 35.95256 -120.52035 10.94400
290034500 35.95842 -120.52150 6.35300
290161500 35.95775 -120.52118 6.36100
293232202 35.98692 -120.54250 2.53700
293234500 35.96085 -120.52585 10.55800
294012200 36.00085 -120.55667 2.96300
294141000 36.00634 -120.56260 3.37900
297170900 36.01110 -120.57336 10.08900
301110200 35.99685 -120.55365 3.78200
303005900 35.99850 -120.55706 5.20500
304234300 36.01196 -120.56742 3.46900
305122400 36.00295 -120.56217 3.90000
306045900 35.96231 -120.52599 7.00400
306112900 35.96686 -120.53105 7.47900
307033300 35.96762 -120.52974 6.58000
308133600 35.96455 -120.51964 3.99900
308215300 36.02736 -120.58525 5.01500
309201300 35.96346 -120.52570 6.87900
310202902 35.98589 -120.54233 2.41900
314054000 36.00151 -120.55757 2.96800
315094100 36.01369 -120.56959 3.57000
315191700 36.01355 -120.57044 3.49900
316215100 36.01657 -120.57310 3.54800
318224300 36.03363 -120.59056 3.37000
320021500 35.97065 -120.47434 11.13300
320033100 35.98374 -120.54333 6.22900
322053700 36.00122 -120.55849 2.14900
322190400 35.95781 -120.52257 10.45900
323183700 35.98655 -120.54834 7.79100
324075600 36.01128 -120.56897 1.91000
324121100 36.01565 -120.57528 5.83500
324213300 35.97956 -120.53646 2.82100
325030700 36.00311 -120.56127 2.27400
325054300 35.96929 -120.52463 3.90100
325062000 35.99341 -120.54949 3.77600
325133900 35.97950 -120.53809 2.72500
326061300 35.95750 -120.52223 10.43400
327094600 36.00830 -120.56571 3.69200
328103200 36.03379 -120.59089 3.43500
329001600 36.00187 -120.55876 1.89400
329151400 35.97969 -120.53816 2.57800
329172400 35.97967 -120.53776 2.74200
330125000 36.02241 -120.55433 10.34800
330131400 35.99379 -120.54954 3.88200
330133600 35.97957 -120.53853 2.62500
330145200 35.97999 -120.53741 2.79100
331071700 36.03599 -120.59341 3.64300
331154900 35.96791 -120.53248 10.44500
332174700 36.02482 -120.58258 1.62900
332183000 36.01063 -120.56753 3.68100
333032800 36.00188 -120.55908 3.88100
333144100 36.00655 -120.56222 3.00900
334124600 36.02251 -120.55362 10.41500
334143400 35.98971 -120.54482 4.17300
336104700 36.02172 -120.55435 10.37600
336111700 35.96871 -120.53082 6.61700
338181100 35.95958 -120.52463 10.48400
339185000 36.02283 -120.57970 3.65700
342025700 35.96914 -120.53075 6.44600
342030200 36.01825 -120.57400 3.48600
342092000 36.01164 -120.56818 1.59100
351231900 35.96080 -120.51746 2.92700
352075300 35.98102 -120.54337 9.96200
353024400 36.03550 -120.59300 7.04000
354030900 36.02988 -120.59191 9.24800
354040500 35.98706 -120.49049 8.47100
355032900 35.96941 -120.52409 3.96700
355035100 36.00238 -120.55885 3.57500
356102402 35.98626 -120.54147 2.34900
357070800 36.00883 -120.56446 3.00300
359010802 35.98441 -120.53964 2.62500
360030400 35.96260 -120.51621 3.27500
360090400 35.99157 -120.54675 3.72500
360205500 35.99091 -120.54592 3.82100
361035400 35.99719 -120.55507 2.15200
361185400 35.99049 -120.54582 3.78700
361233000 36.00502 -120.56064 3.02200
363012100 35.96696 -120.53032 7.51500
363151800 36.02236 -120.58026 2.40200
364045700 36.00175 -120.55857 2.78700
364071500 36.00413 -120.55975 3.00800
364090400 35.95686 -120.52137 10.25200
8115800 35.98789 -120.54649 6.07100
8134300 35.99998 -120.55624 3.67600
8235300 36.01315 -120.56877 3.44400
9235200 36.01528 -120.57130 3.49900
10065300 36.00308 -120.56022 3.78200
11123100 36.01269 -120.56842 3.41700
11134700 35.95975 -120.51516 2.60800
11230000 36.00241 -120.55932 1.89700
13041500 35.99051 -120.54518 3.69400
16130400 35.99981 -120.55721 2.16600
19123700 35.99806 -120.55600 2.70600
19232400 35.99480 -120.55120 12.99300
20140600 36.01272 -120.56868 3.78100
21014600 36.01138 -120.56780 3.69400
21113200 35.95702 -120.51261 4.43500
21155400 35.96718 -120.52121 3.74700
21155500 35.96716 -120.52118 3.72900
21201300 35.96324 -120.52511 5.64600
23205800 36.01062 -120.56609 5.14200
23205801 36.01059 -120.56631 4.97700
24104500 36.00219 -120.55907 3.78700
24140100 36.01107 -120.56732 4.32700
24235800 35.96335 -120.52468 5.54100
26010700 36.02690 -120.58361 3.48500
26013100 36.02165 -120.57994 3.56800
26201400 36.00704 -120.56469 5.29600
27085600 36.01118 -120.56728 3.63400
28190900 35.97849 -120.53682 2.69100
30052400 35.96095 -120.51471 3.53800
30155700 36.03764 -120.59428 3.23600
30231000 36.01331 -120.56946 1.61300
31144700 35.99074 -120.54579 3.82700
33091200 36.03263 -120.58992 3.31100
33194500 36.02394 -120.57900 9.01500
34195100 35.99954 -120.55678 2.18000
35000500 36.01093 -120.56720 3.68800
35013900 36.00487 -120.56339 2.29200
35033400 35.96974 -120.52904 5.35600
36011900 35.96037 -120.51428 3.63600
38155700 36.03112 -120.58776 3.29700
38173900 36.03151 -120.58952 3.09600
38175000 36.03155 -120.58946 3.19100
38221400 36.01410 -120.57039 3.16600
39000300 36.03366 -120.59050 3.37900
40032100 36.03589 -120.59310 3.61100
41151700 36.03322 -120.58993 3.32000
42035500 36.01219 -120.56862 1.58900
46093400 36.02275 -120.57982 3.56700
50070000 35.96737 -120.52958 6.56500
50200800 36.00160 -120.55892 2.17200
51052300 36.00811 -120.56927 8.12000
53025700 36.00143 -120.55821 3.87100
53154700 36.01912 -120.57662 3.08800
54042600 36.03352 -120.59029 3.27600
54101800 36.03392 -120.59060 3.32700
54185900 35.95651 -120.51246 4.35400
55133600 36.01570 -120.57318 2.33900
57030100 36.03175 -120.59358 5.71600
57104700 36.03305 -120.59004 3.29600
58010900 35.98917 -120.54583 5.19100
58222000 36.00243 -120.55847 2.98800
58234300 36.02408 -120.58066 3.30400
59030600 35.99330 -120.54910 3.91100
59042600 36.00835 -120.56411 4.18000
59042700 36.00844 -120.56450 4.18800
59211000 36.02924 -120.58595 3.32000
60051500 36.02724 -120.58506 2.56700
60084700 36.00909 -120.56491 3.11000
60212300 36.02194 -120.57822 3.29700
61015700 35.97009 -120.52480 3.79500
62032000 36.01302 -120.56868 3.45600
62112500 36.01570 -120.57105 4.07600
63075000 36.02346 -120.57962 3.53400
64082100 35.96143 -120.51736 2.75000
64091100 36.03488 -120.59226 3.23600
65161300 35.96099 -120.52498 10.29400
66030900 36.02439 -120.58076 3.27300
66031100 36.02367 -120.58006 3.23900
66055100 36.02362 -120.57992 3.31800
66095300 35.95273 -120.51754 10.30100
66231400 36.02421 -120.58099 3.31900
67021000 36.02377 -120.58022 3.30400
67035400 36.02414 -120.58067 3.35300
68023100 35.99502 -120.55137 3.65100
69095900 36.01146 -120.56725 4.27500
69104700 36.01089 -120.56690 4.27800
69105300 36.01120 -120.56708 4.23500
69135300 36.01096 -120.56683 4.23500
69141200 36.01083 -120.56675 4.21000
69173600 36.01220 -120.56838 4.29200
69214700 36.01486 -120.57270 2.96100
69215900 36.01473 -120.57223 2.92600
70012500 36.01130 -120.56753 4.20600
70021900 35.94865 -120.51434 10.12100
70171500 35.95988 -120.52441 10.91800
72042400 35.99545 -120.55261 2.62400
72065600 36.01302 -120.56922 3.11200
72212500 36.01167 -120.56803 4.01200
75002400 36.00133 -120.55809 2.07900
75070100 35.99195 -120.54731 3.16100
76094300 36.02135 -120.57888 1.65700
77054700 36.01271 -120.56879 3.22700
77140200 36.02714 -120.58466 2.54100
78165800 36.01297 -120.56956 3.15100
78202500 36.01289 -120.57080 1.85300
79021200 36.02850 -120.58589 1.74400
79023100 36.01790 -120.57551 2.98200
79224800 36.01787 -120.57528 2.99900
80000000 36.01475 -120.57104 3.50200
81092400 36.02543 -120.58192 3.31900
81131900 35.98030 -120.53815 2.72400
82022800 35.99628 -120.55265 3.69500
82144300 36.02577 -120.58228 3.48900
83055900 36.02669 -120.58478 2.50000
83153700 35.95554 -120.51126 3.80100
84052600 35.99511 -120.55262 2.63800
87131000 35.96988 -120.52384 3.95300
89074700 35.97872 -120.52795 7.97300
89125700 35.97006 -120.52470 3.88400
90042400 36.03465 -120.59255 3.40200
91161300 35.95247 -120.51275 6.32900
92201600 36.00824 -120.56374 3.18400
98105900 36.00500 -120.56346 2.27800
99080502 35.98449 -120.54050 2.58500
100172100 36.00022 -120.55663 1.95200
100172200 36.00038 -120.55702 1.93100
100172400 36.00005 -120.55620 1.94400
101023100 36.00083 -120.55729 1.91700
101104300 36.03351 -120.59050 3.40200
101200200 36.03427 -120.59188 7.74700
101231100 36.00025 -120.55691 1.94200
102032100 35.98139 -120.53785 2.67900
103040300 36.00401 -120.56021 4.53200
103162900 36.00406 -120.56019 4.50700
105051100 35.99526 -120.55134 3.69900
106102800 36.01624 -120.57669 6.35200
106133700 36.00872 -120.56560 3.64700
107074700 35.98666 -120.54847 7.78400
107103700 35.99069 -120.54572 3.82600
108102800 35.99222 -120.54802 3.94300
108225500 35.98211 -120.53857 2.67900
108225600 35.98217 -120.53851 2.70400
109000400 35.98229 -120.53857 2.71300
109123000 35.98261 -120.53880 2.81300
111022300 36.01118 -120.56733 3.65700
111120900 35.96444 -120.52716 10.40700
111222300 35.99119 -120.54574 3.86100
111222301 35.99070 -120.54603 3.84300
112115000 35.98008 -120.53824 2.64700
112175500 36.00802 -120.56451 3.64600
113131800 35.98667 -120.54216 3.64400
114083900 36.00675 -120.56273 2.97900
115100600 36.02662 -120.58367 3.47500
115195500 36.01448 -120.57015 3.52000
116073900 36.02754 -120.58513 5.00200
118165100 36.01146 -120.56794 4.12800
119030300 35.95784 -120.51311 4.26700
119080900 35.95737 -120.51278 4.26800
119112000 35.97141 -120.52614 3.93500
120201600 35.96731 -120.52122 3.69300
121140100 36.01444 -120.57056 3.26600
122091400 36.01956 -120.57742 2.35100
124142000 35.96886 -120.52714 5.18800
125110000 36.01631 -120.57411 2.40800
128050800 36.01170 -120.56790 4.02800
128053200 36.01121 -120.56751 4.02200
130060000 35.98432 -120.54562 9.65600
131090200 35.99809 -120.55573 2.72300
133053100 35.99543 -120.54823 13.53400
133053200 35.99532 -120.54823 13.63400
139105700 35.95859 -120.51170 3.00600
140163200 36.01693 -120.57383 3.82900
141163500 35.96052 -120.52362 6.34300
142000900 36.01249 -120.56891 1.53200
142203000 36.01417 -120.57044 3.15300
143055000 36.03633 -120.59305 3.16000
144112700 36.00090 -120.55791 1.95600
145042500 36.00549 -120.56388 2.38700
147075800 36.02690 -120.59277 5.80700
147084300 35.99733 -120.55450 2.13400
147105900 35.97937 -120.53822 2.72500
152002200 36.01151 -120.56761 4.14500
152002201 36.01147 -120.56774 4.10300
153144900 36.03354 -120.59538 6.64800
153145500 35.97789 -120.50793 13.31400
153193600 35.97789 -120.51308 13.82600
153200000 35.97810 -120.51003 13.35800
153234700 35.97811 -120.50676 13.20200
154065300 36.00120 -120.55777 2.08000
154085300 36.00130 -120.55760 2.11400
154202400 36.00208 -120.55871 2.10700
155085000 36.00238 -120.55942 2.19100
155125900 36.00278 -120.55970 2.09400
155180500 35.96060 -120.52253 6.82800
155180600 35.96060 -120.52309 6.74900
155203300 36.00215 -120.55904 2.15500
158085600 35.99759 -120.55546 2.73100
158175300 35.99983 -120.55644 2.07700
159104700 36.00210 -120.55913 2.09800
161084900 36.00587 -120.56181 4.22300
161124000 35.97727 -120.50879 13.51700
161183700 35.98504 -120.50243 8.19900
162063800 36.03388 -120.59398 6.59300
162155500 35.97773 -120.51006 13.78400
162161400 36.03354 -120.59476 6.59700
162171900 35.96253 -120.52546 10.40600
163014900 35.96132 -120.52751 10.55200
163020400 36.03321 -120.59461 6.76900
163043400 36.03403 -120.59517 6.69400
164081300 36.00351 -120.55911 3.18600
164094600 35.96326 -120.52194 2.89000
164132300 36.00242 -120.55920 1.95900
165130000 35.96136 -120.51736 2.62300
165150600 36.00619 -120.56256 3.37400
165155800 35.96879 -120.53104 6.44000
165233200 35.98040 -120.53841 2.55900
166013800 35.97884 -120.53665 2.67900
166044600 35.96465 -120.52151 2.89300
166151400 35.96847 -120.52990 6.49900
166230400 35.97928 -120.53717 2.81000
166234300 35.96890 -120.53045 6.49200
167080700 35.96771 -120.52945 6.53300
167080900 35.96624 -120.52932 6.56900
167082700 35.96782 -120.52960 6.48900
167084400 35.97968 -120.53704 2.68700
168122100 36.01180 -120.56796 4.17700
168171400 36.01082 -120.56679 5.04900
168204900 36.01050 -120.56603 4.97200
169050200 35.96986 -120.52457 3.74800
171101000 35.96719 -120.52905 5.50400
177073800 36.03415 -120.59048 3.30800
177131500 36.03355 -120.59024 3.40500
177175700 36.02109 -120.57751 3.34800
180212500 35.96727 -120.52143 3.68900
180212600 35.96712 -120.52118 3.66700
181011900 36.00896 -120.56462 2.98500
181020100 36.00897 -120.56460 3.07000
181105800 36.01514 -120.57158 3.17100
183203200 36.00550 -120.56188 3.08800
185031100 36.03524 -120.59218 3.25400
185201600 36.01383 -120.57038 3.15100
187023100 36.01178 -120.56773 3.59700
187173700 35.96881 -120.53010 6.34600
187184400 35.98070 -120.53923 2.51600
187224400 36.02162 -120.57971 2.34600
188191000 35.97988 -120.53758 2.71200
189090400 36.01147 -120.56733 3.68300
190032800 36.02708 -120.58414 3.39500
190032900 36.02699 -120.58412 3.38100
190094900 36.01741 -120.57543 2.35600
192105400 35.97965 -120.53800 2.57200
192105800 35.97975 -120.53791 2.66300
192233200 36.03378 -120.59104 3.28800
193033200 36.01164 -120.56786 3.68500
194200200 36.00164 -120.55893 3.76900
195052500 36.03594 -120.59306 3.61600
195135700 36.01871 -120.57391 4.71000
198033200 36.03747 -120.59402 3.18300
198093500 35.96125 -120.52429 7.12200
199091100 36.01417 -120.57047 3.21800
203043100 35.96370 -120.52640 7.16900
204134100 35.95867 -120.51422 4.59000
205055800 36.00224 -120.55786 2.95000
205152400 36.00214 -120.55767 2.94300
206060100 36.02139 -120.57935 2.40900
206072500 36.01315 -120.57074 1.89800
207091500 35.95737 -120.51357 4.53700
207185100 35.95622 -120.51848 6.71000
209042400 36.02668 -120.58392 3.40900
209204400 36.01082 -120.56688 5.05900
210165500 36.02332 -120.58128 1.64900
210165600 36.02328 -120.58162 1.73800
212121400 35.95805 -120.51173 2.64600
212135100 35.95807 -120.51199 2.52000
214050000 36.00537 -120.56098 2.98200
214051800 36.00485 -120.56060 2.92400
215040600 35.99497 -120.55108 3.62900
215063700 35.99345 -120.54842 3.40000
215074400 35.95647 -120.50968 3.49200
215173500 36.00635 -120.56217 2.96900
216000500 35.98219 -120.53867 2.77100
216090700 35.99653 -120.55947 10.02800
216101300 35.99713 -120.55977 9.97900
216183800 36.03581 -120.59280 3.56500
217114100 36.00446 -120.58696 15.19700
217210400 35.96376 -120.51850 3.89600
220095000 36.00092 -120.55689 2.81000
222063000 36.00081 -120.55799 3.43700
222071200 36.01756 -120.57449 3.17200
222103700 36.00064 -120.55701 2.80700
222171000 36.00267 -120.55984 3.65000
224083700 35.96521 -120.52027 3.76300
224084800 35.96543 -120.52043 3.78100
224202600 36.00238 -120.55817 2.96000
225003600 36.00840 -120.56434 4.15000
225022100 36.00907 -120.56490 3.07600
226231000 36.00766 -120.56536 2.73400
226234400 35.99292 -120.54857 3.69000
227112100 36.00892 -120.56471 3.01500
227142200 36.01489 -120.57109 3.55400
228092200 36.00467 -120.56312 2.32800
228092201 36.00410 -120.56385 2.29500
228151300 35.97784 -120.53017 7.22800
228151900 36.00451 -120.56359 2.33900
228203000 35.99485 -120.55123 3.79000
229131100 35.97765 -120.53026 7.00800
229204200 36.02655 -120.58376 3.45100
230210800 35.95455 -120.51645 6.71100
232035500 35.96162 -120.52402 6.77200
233004900 35.94064 -120.50429 6.10000
233085600 35.99070 -120.54571 3.82500
234052600 36.04017 -120.59600 3.35300
238011600 36.03140 -120.50706 2.89200
240130500 35.96016 -120.52710 10.61000
240173000 36.01271 -120.56904 3.17500
243132700 36.01212 -120.56986 1.91300
244111000 36.00196 -120.55930 4.24100
244120800 36.01764 -120.57625 3.09100
245053100 36.00131 -120.55817 2.07400
246074600 36.01188 -120.56801 1.61400
246144500 35.97588 -120.53131 2.84100
248142100 35.96252 -120.51797 2.48800
248191600 35.96213 -120.51846 2.59700
248221100 36.03586 -120.59282 3.19700
249041800 35.95971 -120.52348 6.18500
249050300 35.95776 -120.52057 6.85300
249090400 35.96490 -120.52258 2.88400
249100400 35.98362 -120.54333 6.02000
249200500 36.00153 -120.55853 2.69200
250142900 35.98012 -120.53049 6.62400
250142901 35.98014 -120.53005 6.72200
250174000 36.02804 -120.58527 3.36600
250210300 35.95054 -120.51493 10.04300
252084900 35.94510 -120.50102 3.69200
254101000 35.99500 -120.55304 2.42900
255125200 36.00762 -120.56476 3.69300
256003600 36.00907 -120.56531 3.72000
256112100 36.02741 -120.58459 3.32700
256123800 36.02792 -120.58499 3.36700
256124100 35.99668 -120.55487 2.74200
256143900 36.00740 -120.56459 3.60500
256213000 35.98965 -120.54577 4.73200
257055700 35.96319 -120.52196 2.90100
257070800 35.94197 -120.49766 3.54600
258135600 35.99957 -120.55728 2.16900
261082800 36.00331 -120.56022 3.61300
262145200 36.00964 -120.56685 2.90000
263073000 36.00173 -120.55867 2.16100
263081000 36.00103 -120.55845 2.15100
263092400 35.99446 -120.55082 3.85100
264031100 35.98905 -120.54772 9.16600
264034200 36.01583 -120.57582 7.95900
266003800 36.01294 -120.56690 3.00900
267063500 35.97913 -120.54441 10.06500
267101900 36.01289 -120.56903 3.12300
267172200 36.01028 -120.56692 4.29400
268005100 35.98553 -120.54875 6.97100
268040700 36.03856 -120.59428 3.27000
269055300 36.01030 -120.56655 3.40300
269133200 36.01237 -120.56876 3.25700
269142600 36.00992 -120.56668 3.48700
269192100 36.03713 -120.59547 3.45100
271000600 36.00514 -120.56366 2.30600
273002300 35.99950 -120.55709 2.03700
273040400 36.02662 -120.58503 4.95100
273204600 36.03877 -120.59458 3.48200
274100700 36.01207 -120.56899 1.71800
274155200 35.99480 -120.55072 3.75700
274184000 36.00898 -120.56463 3.08800
275231900 35.97901 -120.53522 3.00500
280105800 36.00190 -120.55792 2.94300
280233400 35.97192 -120.53565 10.35400
282081900 36.01769 -120.57547 2.97300
282095900 35.96882 -120.53019 6.42800
282145800 35.95981 -120.52503 10.34500
283224400 36.00188 -120.55845 1.94400
284080600 36.00064 -120.55806 1.95500
287010200 36.02596 -120.58472 1.89500
287094600 35.94428 -120.50012 3.77100
289072300 35.97954 -120.53845 2.74900
289164200 35.98733 -120.54228 2.50700
290202300 35.98026 -120.53853 2.80100
302233600 35.96326 -120.53336 10.61500
306173100 35.96032 -120.51082 9.38700
316164800 35.96860 -120.52931 6.94700
316170500 35.97166 -120.52938 6.43500
316174100 35.97407 -120.53142 6.59000
316175800 35.96610 -120.52417 5.83300
316180100 35.96415 -120.52163 6.31900
316180900 35.96682 -120.52506 5.78100
316183200 35.97103 -120.52903 5.81900
316183600 35.96578 -120.52165 6.37600
316190300 35.96637 -120.52238 6.64200
316192000 35.96493 -120.52263 5.89400
316195200 35.96927 -120.52808 5.78000
316202100 35.96862 -120.52765 5.80100
316204000 35.96485 -120.52054 6.16200
316211100 35.96975 -120.52799 5.76600
316211200 35.97218 -120.53033 6.10800
316211400 35.96729 -120.52481 6.04100
316221400 35.96587 -120.52508 5.95700
316230800 35.97168 -120.53041 6.34000
316232000 35.96351 -120.51904 6.19400
317010600 35.96518 -120.52246 5.89300
317132100 35.97210 -120.53004 6.13400
320011300 35.96244 -120.52406 5.68100
321000900 35.96224 -120.51236 9.37500
321033300 36.00304 -120.55888 4.14000
321213200 35.97379 -120.52649 3.43600
322142000 35.95998 -120.51912 6.03700
322164700 35.96640 -120.52526 5.71800
322225100 35.96705 -120.52296 3.79100
323042800 36.01726 -120.57363 3.29100
323055200 35.96995 -120.52790 5.85600
323055300 35.96990 -120.52849 5.74500
325071100 35.96073 -120.51722 5.89200
326080500 35.96903 -120.52756 5.77100
326135800 35.95520 -120.51282 5.70400
327085800 36.02374 -120.57864 3.00100
328181500 35.97369 -120.52765 3.01800
329005100 35.97099 -120.52460 3.34000
329094600 35.97233 -120.52630 3.54700
330194200 36.02484 -120.58065 2.81100
331123400 35.96079 -120.51105 9.49100
332054400 35.95985 -120.52106 5.68600
332234600 35.96874 -120.52860 5.80300
333150900 35.96918 -120.52785 5.78100
333151600 35.96897 -120.52805 5.86800
333182000 35.96892 -120.52784 5.76400
334055200 35.97850 -120.53516 6.26900
335030200 35.97432 -120.53206 6.43800
335144300 36.01038 -120.56606 3.88600
337035500 35.95552 -120.51305 5.59100
338065900 35.96456 -120.52423 5.80200
338230400 35.97165 -120.53067 6.22300
339220700 35.98398 -120.49154 8.32100
339232300 35.98364 -120.49183 8.23900
340034300 35.98369 -120.49111 8.32900
340042100 35.98351 -120.49062 8.40200
340065700 35.98294 -120.49162 8.13400
341083200 36.01534 -120.57071 3.29900
343153100 36.04503 -120.59213 1.68500
344160100 35.96154 -120.51916 5.77700
344160900 35.96136 -120.51891 5.72900
344163000 35.96152 -120.51955 5.70100
345190300 36.01179 -120.56667 3.24400
346162000 36.01036 -120.56616 3.85600
347003400 36.00002 -120.55614 2.00100
347072200 35.97611 -120.53426 5.70000
347140900 36.00137 -120.55815 2.12500
348220500 35.95649 -120.51581 6.14300
350183700 35.96818 -120.53220 5.50500
351045100 35.96776 -120.53113 6.24300
351105600 36.01289 -120.56803 3.18200
353070500 36.01613 -120.57186 3.31800
354011000 35.99677 -120.55413 1.98400
354064400 35.99780 -120.55514 2.05400
354074500 36.02059 -120.57537 3.22800
354173500 35.99294 -120.54763 3.20900
355012200 35.96490 -120.52426 4.92600
357015600 35.98212 -120.53875 2.80000
357020200 35.98231 -120.53867 2.76300
358133000 36.00223 -120.55973 2.16600
358134500 36.00242 -120.56016 2.18100
359034500 35.98214 -120.53857 2.75300
359201400 35.98155 -120.49150 7.80900
360005400 36.00257 -120.55899 1.99100
361143200 35.96914 -120.52830 6.65900
361224800 35.99622 -120.55280 3.58100
361231200 35.99732 -120.55338 3.67700
361235700 35.96339 -120.52025 5.90200
362023000 35.99594 -120.55260 3.40600
362075100 36.00077 -120.55749 3.92400
364161200 35.99175 -120.54645 3.31700
3040000 35.98612 -120.54166 3.19100
3144200 36.00140 -120.55829 2.19600
3234500 35.96374 -120.52292 5.64200
7100000 36.04421 -120.59102 1.62400
10215800 36.04314 -120.59080 1.47800
14135500 35.96126 -120.51450 3.42800
14175600 35.96110 -120.51484 3.42300
17124000 35.96353 -120.52686 5.84800
20031100 36.01390 -120.56971 3.06600
22045600 35.96885 -120.52824 5.71800
23003500 35.96974 -120.53786 10.02400
24141700 35.98425 -120.54145 1.89700
29235200 36.01738 -120.57544 2.39500
32184800 36.03263 -120.58890 2.77600
35103000 36.00084 -120.55727 2.12900
35145000 36.02565 -120.58029 2.98900
35235100 36.01287 -120.56851 1.55200
39105800 36.00731 -120.56226 3.99400
39192100 36.00652 -120.56223 3.99600
40155000 36.03317 -120.58965 2.83600
42022100 36.01273 -120.56714 3.27800
42183800 36.01224 -120.56598 3.08100
43034800 36.01283 -120.56916 1.66600
44155200 36.02620 -120.57919 3.16300
44221000 36.00955 -120.56489 3.87700
44221700 36.00968 -120.56443 3.89000
327181820 35.97500 -120.55130 -0.66000
325192020 36.00450 -120.56070 -0.62000
325204820 35.99750 -120.56730 -0.68000
325224720 35.98620 -120.56850 -0.67000
326001020 35.96130 -120.52970 -0.72000
326010520 36.00800 -120.53150 -0.95000
326203320 36.02750 -120.49770 -0.88000
326205020 36.02830 -120.49130 -0.86000
326210020 36.00450 -120.51780 -1.00000
326210620 36.03130 -120.48770 -0.78000
326211920 35.95970 -120.57030 -0.73000
326212220 36.03520 -120.48350 -0.69000
326212420 36.00080 -120.52220 -0.93000
326213920 35.95270 -120.57920 -0.77000
326214820 36.03850 -120.47970 -0.61000
326215120 35.99750 -120.52581 -0.86000
326220220 36.04180 -120.47600 -0.57000
326221320 35.99430 -120.52930 -0.80000
326222920 36.04430 -120.47230 -0.49000
326224120 35.99150 -120.53270 -0.77000
326224420 35.95580 -120.57520 -0.74000
326232820 35.98850 -120.53580 -0.65000
326233020 35.94730 -120.58580 -0.70000
327000520 35.98480 -120.54000 -0.76000
327001120 35.94500 -120.58880 -0.65000
327002820 35.94170 -120.59300 -0.67000
327003720 35.98080 -120.54450 -0.69000
327005920 35.93650 -120.59970 -0.57000
327010120 35.97830 -120.54731 -0.66000
327181520 35.93080 -120.60680 -0.63000
327181821 35.97480 -120.55130 -0.66000
327183620 35.92750 -120.61151 -0.64000
327183820 35.97680 -120.55000 -0.66000
327184520 36.05500 -120.46120 -0.42000
327185420 35.92250 -120.61700 -0.68000
327190120 36.06200 -120.45320 -0.47000
327190420 35.91950 -120.62170 -0.59000
327190520 35.97170 -120.55520 -0.65000
327191520 36.06600 -120.44870 -0.48000
327193820 35.96930 -120.55819 -0.66000
327195620 35.96480 -120.56379 -0.68000
327201420 35.90580 -120.63830 -0.53000
327210520 35.90220 -120.64270 -0.59000
327210820 36.07380 -120.44001 -0.56000
327212020 36.07970 -120.43329 -0.43000
325192021 36.00450 -120.56070 -0.62000
325204821 35.99750 -120.56730 -0.68000
325224721 35.98620 -120.56850 -0.67000
326001021 35.96130 -120.52970 -0.72000
326010521 36.00800 -120.53150 -0.95000
326203321 36.02750 -120.49770 -0.88000
326205021 36.02830 -120.49130 -0.86000
326210021 36.00450 -120.51780 -1.00000
326210621 36.03130 -120.48770 -0.78000
326211921 35.95970 -120.57030 -0.73000
326212221 36.03520 -120.48350 -0.69000
326212421 36.00080 -120.52220 -0.93000
326213921 35.95270 -120.57920 -0.77000
326215121 35.99750 -120.52581 -0.86000
326220221 36.04180 -120.47600 -0.57000
326221321 35.99430 -120.52930 -0.80000
326222921 36.04430 -120.47230 -0.49000
326224121 35.99150 -120.53270 -0.77000
326224421 35.95580 -120.57520 -0.74000
326232821 35.98850 -120.53580 -0.65000
326233021 35.94730 -120.58580 -0.70000
327000521 35.98480 -120.54000 -0.76000
327001121 35.94500 -120.58880 -0.65000
327002821 35.94170 -120.59300 -0.67000
327003721 35.98080 -120.54450 -0.69000
327010121 35.97830 -120.54731 -0.66000
327181521 35.93080 -120.60680 -0.63000
327181822 35.97480 -120.55130 -0.66000
327183821 35.97680 -120.55000 -0.66000
327190121 36.06200 -120.45320 -0.47000
327190521 35.97170 -120.55520 -0.65000
327191521 36.06600 -120.44870 -0.48000
327193821 35.96930 -120.55819 -0.66000
327195621 35.96480 -120.56379 -0.68000
327201421 35.90580 -120.63830 -0.53000
327212021 36.07970 -120.43329 -0.43000
289135920 35.96120 -120.59180 -0.72000
289140220 35.96580 -120.66500 -0.41000
289140420 36.08980 -120.51450 -0.41000
289140820 35.90070 -120.56630 -0.64000
289150020 35.96580 -120.61280 -0.68000
289150220 35.97430 -120.60520 -0.58000
290010020 35.93380 -120.56500 -0.77000
290020220 35.98030 -120.51130 -0.63000
290020420 35.97520 -120.48980 -0.63000
290020620 35.95800 -120.50400 -0.73000
290020820 35.97030 -120.49920 -0.64000
290130020 35.99370 -120.47030 -0.83000
290140220 35.97230 -120.42550 -1.01000
290140420 35.97070 -120.46270 -0.75000
290140620 35.96650 -120.47500 -0.62000
206033820 35.97450 -120.55169 -0.63000
289135921 35.96120 -120.59180 -0.72000
289140221 35.96580 -120.66500 -0.41000
289140421 36.08980 -120.51450 -0.41000
289140821 35.90070 -120.56630 -0.64000
289150021 35.96580 -120.61280 -0.68000
289150221 35.97430 -120.60520 -0.58000
290020020 35.93380 -120.56500 -0.77000
290020221 35.98030 -120.51130 -0.63000
290020421 35.97520 -120.48980 -0.63000
290020621 35.95800 -120.50400 -0.73000
290020821 35.97030 -120.49920 -0.64000
290140020 35.99370 -120.47030 -0.83000
290140221 35.97230 -120.42550 -1.01000
290140421 35.97070 -120.46270 -0.75000
290140621 35.96650 -120.47500 -0.62000
206033720 35.97450 -120.55169 -0.63000
206042720 35.97450 -120.55181 -0.63000
212182920 35.97450 -120.55169 -0.63000
315110120 35.97420 -120.55220 1.43000
315110220 35.97420 -120.55220 1.39000
315110320 35.97420 -120.55220 1.35000
315110420 35.97420 -120.55220 1.31000
315110520 35.97420 -120.55220 1.27000
315110620 35.97420 -120.55220 1.23000
315110720 35.97420 -120.55220 1.19000
315110820 35.97420 -120.55220 1.15000
315110920 35.97420 -120.55220 1.11000
315111020 35.97420 -120.55220 1.07000
315111120 35.97420 -120.55220 1.03000
315111220 35.97420 -120.55220 0.99000
315111320 35.97420 -120.55220 0.95000
315111420 35.97420 -120.55220 0.91000
315111520 35.97420 -120.55220 0.87000
315111620 35.97420 -120.55220 0.83000
315111720 35.97420 -120.55220 0.79000
315111820 35.97420 -120.55220 0.75000
315111920 35.97420 -120.55220 0.71000
315112020 35.97420 -120.55220 0.67000
315112120 35.97420 -120.55220 0.63000
315112220 35.97420 -120.55220 0.59000
315112320 35.97420 -120.55220 0.55000
315112420 35.97420 -120.55220 0.51000
315112520 35.97420 -120.55220 0.47000
315112620 35.97420 -120.55220 0.43000
315112720 35.97420 -120.55220 0.39000
315112820 35.97420 -120.55220 0.35000
315112920 35.97420 -120.55220 0.31000
315113020 35.97420 -120.55220 0.27000
315113120 35.97420 -120.55220 0.23000
315113220 35.97420 -120.55220 0.19000
259030020 35.96080 -120.50620 -0.70000
259070020 35.93820 -120.52230 -0.50000
259050020 35.96630 -120.47419 -0.60000
259030021 35.96080 -120.50620 -0.76000
259070021 35.93820 -120.52230 -0.60000
259050021 35.96630 -120.47419 -0.65000
198000080 35.98330 -120.54329 2.00000
198000081 35.98330 -120.54329 2.00000
198000082 35.98330 -120.54329 2.00000
118201080 35.97450 -120.55250 -0.62000
118212580 35.97450 -120.55230 -0.62000
119150580 35.97450 -120.55230 -0.62000
119200080 35.97450 -120.55230 -0.62000
119202880 35.97450 -120.55230 -0.62000
156214080 35.97450 -120.55250 -0.62000
125050180 35.97430 -120.55169 0.88000
125050280 35.97430 -120.55169 0.89000
125050380 35.97430 -120.55169 0.91000
125050480 35.97450 -120.55169 0.92000
125050580 35.97450 -120.55169 0.94000
125050680 35.97450 -120.55150 0.95000
125050780 35.97450 -120.55150 0.97000
125050880 35.97470 -120.55150 0.98000
125050980 35.97470 -120.55150 0.99000
125051080 35.97470 -120.55150 1.01000
125051180 35.97470 -120.55150 1.02000
125051280 35.97480 -120.55130 1.04000
125051380 35.97480 -120.55130 1.05000
125051480 35.97480 -120.55130 1.06000
125051580 35.97500 -120.55130 1.08000
125051680 35.97500 -120.55120 1.09000
125051780 35.97500 -120.55120 1.10000
125051880 35.97520 -120.55120 1.12000
125051980 35.97520 -120.55120 1.13000
125052080 35.97530 -120.55100 1.14000
125052180 35.97530 -120.55100 1.15000
125052280 35.97530 -120.55100 1.17000
125052380 35.97550 -120.55080 1.18000
125052480 35.97550 -120.55080 1.19000
125052580 35.97570 -120.55080 1.20000
125052680 35.97570 -120.55070 1.21000
125052780 35.97580 -120.55070 1.22000
125052880 35.97580 -120.55050 1.23000
125052980 35.97600 -120.55050 1.24000
125053080 35.97600 -120.55050 1.25000
125053180 35.97620 -120.55030 1.26000
125053280 35.97630 -120.55030 1.27000
125053380 35.97630 -120.55020 1.28000
125053480 35.97650 -120.55020 1.29000
125053580 35.97650 -120.55000 1.30000
125053680 35.97670 -120.55000 1.31000
125053780 35.97670 -120.54980 1.32000
125053880 35.97680 -120.54980 1.33000
125053980 35.97680 -120.54970 1.34000
125054080 35.97700 -120.54970 1.34000
125054280 35.97720 -120.54950 1.36000
125054380 35.97720 -120.54930 1.37000
125054480 35.97730 -120.54930 1.38000
125054580 35.97730 -120.54920 1.39000
125054680 35.97750 -120.54920 1.40000
125054780 35.97750 -120.54901 1.41000
125054880 35.97770 -120.54901 1.42000
125054980 35.97770 -120.54880 1.43000
125055080 35.97780 -120.54880 1.43000
125055180 35.97780 -120.54870 1.44000
125055280 35.97800 -120.54870 1.45000
125055380 35.97800 -120.54850 1.46000
125055480 35.97820 -120.54850 1.47000
125055580 35.97820 -120.54830 1.48000
125055680 35.97830 -120.54830 1.49000
125055780 35.97830 -120.54820 1.50000
125055880 35.97850 -120.54820 1.51000
125055980 35.97870 -120.54800 1.52000
125056080 35.97870 -120.54800 1.52000
125056180 35.97880 -120.54779 1.53000
125056280 35.97880 -120.54779 1.54000
125056380 35.97900 -120.54770 1.55000
125056480 35.97900 -120.54770 1.56000
125056580 35.97920 -120.54750 1.57000
125056680 35.97920 -120.54750 1.58000
125056780 35.97930 -120.54731 1.59000
125056880 35.97930 -120.54731 1.59000
125056980 35.97950 -120.54720 1.60000
125057080 35.97950 -120.54720 1.61000
125057180 35.97970 -120.54700 1.62000
125057280 35.97970 -120.54700 1.63000
125057380 35.97980 -120.54680 1.64000
125057480 35.97980 -120.54680 1.65000
125057580 35.98000 -120.54670 1.66000
125057680 35.98000 -120.54670 1.67000
125057780 35.98020 -120.54650 1.68000
125057880 35.98020 -120.54650 1.69000
125058080 35.98030 -120.54621 1.70000
125050181 35.97430 -120.55169 0.88000
125050281 35.97430 -120.55169 0.89000
125050381 35.97430 -120.55169 0.91000
125050481 35.97450 -120.55169 0.92000
125050581 35.97450 -120.55169 0.94000
125050681 35.97450 -120.55150 0.95000
125050781 35.97450 -120.55150 0.97000
125050881 35.97470 -120.55150 0.98000
125050981 35.97470 -120.55150 0.99000
125051081 35.97470 -120.55150 1.01000
125051181 35.97470 -120.55150 1.02000
125051281 35.97480 -120.55130 1.04000
125051381 35.97480 -120.55130 1.05000
125051481 35.97480 -120.55130 1.06000
125051581 35.97500 -120.55130 1.08000
125051681 35.97500 -120.55120 1.09000
125051781 35.97500 -120.55120 1.10000
125051881 35.97520 -120.55120 1.12000
125051981 35.97520 -120.55120 1.13000
125052081 35.97530 -120.55100 1.14000
125052181 35.97530 -120.55100 1.15000
125052281 35.97530 -120.55100 1.17000
125052381 35.97550 -120.55080 1.18000
125052481 35.97550 -120.55080 1.19000
125052581 35.97570 -120.55080 1.20000
125052681 35.97570 -120.55070 1.21000
125052781 35.97580 -120.55070 1.22000
125052881 35.97580 -120.55050 1.23000
125052981 35.97600 -120.55050 1.24000
125053081 35.97600 -120.55050 1.25000
125053181 35.97620 -120.55030 1.26000
125053281 35.97630 -120.55030 1.27000
125053381 35.97630 -120.55020 1.28000
125053481 35.97650 -120.55020 1.29000
125053581 35.97650 -120.55000 1.30000
125053681 35.97670 -120.55000 1.31000
125053781 35.97670 -120.54980 1.32000
125053881 35.97680 -120.54980 1.33000
125053981 35.97680 -120.54970 1.34000
125054081 35.97700 -120.54970 1.34000
125054281 35.97720 -120.54950 1.36000
125054381 35.97720 -120.54930 1.37000
125054481 35.97730 -120.54930 1.38000
125054581 35.97730 -120.54920 1.39000
125054681 35.97750 -120.54920 1.40000
125054781 35.97750 -120.54901 1.41000
125054881 35.97770 -120.54901 1.42000
125054981 35.97770 -120.54880 1.43000
125055081 35.97780 -120.54880 1.43000
125055181 35.97780 -120.54870 1.44000
125055281 35.97800 -120.54870 1.45000
125055381 35.97800 -120.54850 1.46000
125055481 35.97820 -120.54850 1.47000
125055581 35.97820 -120.54830 1.48000
125055681 35.97830 -120.54830 1.49000
125055781 35.97830 -120.54820 1.50000
125055881 35.97850 -120.54820 1.51000
125055981 35.97870 -120.54800 1.52000
125056081 35.97870 -120.54800 1.52000
125056181 35.97880 -120.54779 1.53000
125056281 35.97880 -120.54779 1.54000
125056381 35.97900 -120.54770 1.55000
125056481 35.97900 -120.54770 1.56000
125056581 35.97920 -120.54750 1.57000
125056681 35.97920 -120.54750 1.58000
125056781 35.97930 -120.54731 1.59000
125056881 35.97930 -120.54731 1.59000
125056981 35.97950 -120.54720 1.60000
125057081 35.97950 -120.54720 1.61000
125057181 35.97970 -120.54700 1.62000
125057281 35.97970 -120.54700 1.63000
125057381 35.97980 -120.54680 1.64000
125057481 35.97980 -120.54680 1.65000
125057581 35.98000 -120.54670 1.66000
125057681 35.98000 -120.54670 1.67000
125057781 35.98020 -120.54650 1.68000
125057881 35.98020 -120.54650 1.69000
125058081 35.98030 -120.54621 1.70000
123203080 35.98350 -120.56850 -0.65000
124162080 35.95550 -120.52230 -0.69000
124173080 35.99470 -120.52800 -0.81000
123172080 35.97150 -120.53270 -0.78000
123210080 36.00520 -120.51780 -0.98000
123220080 36.00300 -120.54720 -0.80000
123182080 35.98030 -120.51750 -0.69000
123220081 35.99280 -120.50650 -0.98000
123171080 35.99680 -120.55770 -0.64000
123213080 35.97020 -120.56020 -0.63000
123181080 36.00520 -120.57370 -0.55000
124182080 35.98530 -120.54170 -0.74000
123223080 35.94630 -120.53920 -0.59000
123171081 35.99680 -120.55770 -0.64000
123172081 35.97150 -120.53270 -0.78000
123181081 36.00520 -120.57370 -0.55000
123182081 35.98030 -120.51750 -0.69000
123203081 35.98350 -120.56850 -0.65000
123210081 36.00520 -120.51780 -0.98000
123213081 35.97020 -120.56020 -0.63000
123220082 36.00300 -120.54720 -0.80000
123223081 35.94630 -120.53920 -0.59000
124162081 35.95550 -120.52230 -0.69000
124173081 35.99470 -120.52800 -0.81000
124182081 35.98530 -120.54170 -0.74000
22222980 36.04430 -120.47250 -0.50000
22220280 36.04180 -120.47620 -0.58000
22214880 36.03850 -120.47980 -0.62000
22212280 36.03520 -120.48371 -0.69000
22210680 36.03150 -120.48780 -0.78000
22205080 36.02830 -120.49150 -0.86000
22203380 36.02750 -120.49770 -0.88000
22210080 36.00450 -120.51800 -1.00000
22212480 36.00100 -120.52220 -0.93000
22215180 35.99770 -120.52581 -0.87000
22221380 35.99450 -120.52950 -0.80000
22224180 35.99150 -120.53270 -0.77000
22232880 35.98870 -120.53580 -0.65000
23000580 35.98500 -120.54020 -0.77000
23003780 35.98100 -120.54470 -0.69000
23010180 35.97830 -120.54750 -0.67000
23183880 35.97680 -120.55000 -0.66000
23181880 35.97500 -120.55130 -0.66000
23190580 35.97180 -120.55520 -0.65000
23193880 35.96930 -120.55829 -0.66000
23195680 35.96500 -120.56401 -0.68000
22211980 35.95980 -120.57030 -0.74000
22224480 35.95600 -120.57520 -0.75000
22213980 35.95270 -120.57930 -0.78000
22233080 35.94730 -120.58580 -0.71000
23001180 35.94500 -120.58900 -0.66000
23002880 35.94170 -120.59300 -0.68000
23005980 35.93650 -120.59970 -0.58000
23181580 35.93080 -120.60680 -0.64000
23183680 35.92770 -120.61170 -0.64000
23185480 35.92270 -120.61720 -0.68000
23190480 35.91950 -120.62170 -0.60000
23191180 35.91450 -120.62500 -0.57000
23192380 35.91120 -120.63170 -0.54000
23201480 35.90580 -120.63830 -0.53000
327181880 35.97500 -120.55130 -0.66000
325224780 35.98620 -120.56850 -0.67000
326001080 35.96130 -120.52970 -0.72000
326010580 36.00800 -120.53150 -0.95000
326203380 36.02750 -120.49770 -0.88000
326210080 36.00450 -120.51780 -1.00000
326210680 36.03130 -120.48770 -0.78000
326211980 35.95970 -120.57030 -0.73000
326212480 36.00080 -120.52220 -0.93000
326213980 35.95270 -120.57920 -0.77000
326214880 36.03850 -120.47970 -0.61000
326220280 36.04180 -120.47600 -0.57000
326222980 36.04430 -120.47230 -0.49000
326224180 35.99150 -120.53270 -0.77000
327000580 35.98480 -120.54000 -0.76000
327010180 35.97830 -120.54731 -0.66000
327181881 35.97480 -120.55130 -0.66000
327183880 35.97680 -120.55000 -0.66000
327185480 35.92250 -120.61700 -0.68000
327190180 36.06200 -120.45320 -0.47000
327190480 35.91950 -120.62170 -0.59000
327190580 35.97170 -120.55520 -0.65000
327191580 36.06600 -120.44870 -0.48000
327193880 35.96930 -120.55819 -0.66000
327195680 35.96480 -120.56379 -0.68000
325224781 35.98620 -120.56850 -0.67000
326001081 35.96130 -120.52970 -0.72000
326010581 36.00800 -120.53150 -0.95000
326203381 36.02750 -120.49770 -0.88000
326210081 36.00450 -120.51780 -1.00000
326210681 36.03130 -120.48770 -0.78000
326211981 35.95970 -120.57030 -0.73000
326212481 36.00080 -120.52220 -0.93000
326213981 35.95270 -120.57920 -0.77000
326215180 35.99750 -120.52581 -0.86000
326220281 36.04180 -120.47600 -0.57000
326222981 36.04430 -120.47230 -0.49000
326224181 35.99150 -120.53270 -0.77000
327000581 35.98480 -120.54000 -0.76000
327010181 35.97830 -120.54731 -0.66000
327181882 35.97480 -120.55130 -0.66000
327183881 35.97680 -120.55000 -0.66000
327190181 36.06200 -120.45320 -0.47000
327190581 35.97170 -120.55520 -0.65000
327191581 36.06600 -120.44870 -0.48000
327193881 35.96930 -120.55819 -0.66000
327195681 35.96480 -120.56379 -0.68000
289140280 35.96580 -120.66500 -0.41000
289140880 35.90070 -120.56630 -0.64000
290010080 35.93380 -120.56500 -0.77000
289140281 35.96580 -120.66500 -0.41000
289140480 36.08980 -120.51450 -0.41000
289140881 35.90070 -120.56630 -0.64000
290020080 35.93380 -120.56500 -0.77000
290140080 35.99370 -120.47030 -0.83000
206033780 35.97450 -120.55169 -0.63000
206042780 35.97450 -120.55181 -0.63000
212182980 35.97450 -120.55169 -0.63000
315110180 35.97420 -120.55220 1.43000
315110280 35.97420 -120.55220 1.39000
315110380 35.97420 -120.55220 1.35000
315110480 35.97420 -120.55220 1.31000
315110580 35.97420 -120.55220 1.27000
315110680 35.97420 -120.55220 1.23000
315110780 35.97420 -120.55220 1.19000
315110880 35.97420 -120.55220 1.15000
315110980 35.97420 -120.55220 1.11000
315111080 35.97420 -120.55220 1.07000
315111180 35.97420 -120.55220 1.03000
315111280 35.97420 -120.55220 0.99000
315111380 35.97420 -120.55220 0.95000
315111480 35.97420 -120.55220 0.91000
315111580 35.97420 -120.55220 0.87000
315111680 35.97420 -120.55220 0.83000
315111780 35.97420 -120.55220 0.79000
315111880 35.97420 -120.55220 0.75000
315111980 35.97420 -120.55220 0.71000
315112080 35.97420 -120.55220 0.67000
315112180 35.97420 -120.55220 0.63000
315112280 35.97420 -120.55220 0.59000
315112380 35.97420 -120.55220 0.55000
315112480 35.97420 -120.55220 0.51000
315112580 35.97420 -120.55220 0.47000
315112680 35.97420 -120.55220 0.43000
315112780 35.97420 -120.55220 0.39000
315112880 35.97420 -120.55220 0.35000
315112980 35.97420 -120.55220 0.31000
315113080 35.97420 -120.55220 0.27000
315113180 35.97420 -120.55220 0.23000
315113280 35.97420 -120.55220 0.19000
196103080 35.96850 -120.56900 -0.70000
196103081 35.96850 -120.56900 -0.70000
196103082 35.96870 -120.56880 -0.69000
196103083 35.96870 -120.56870 -0.69000
196103084 35.96870 -120.56870 -0.69000
196103085 35.96880 -120.56850 -0.69000
196103086 35.96880 -120.56850 -0.69000
196103087 35.96880 -120.56829 -0.69000
196103088 35.96880 -120.56829 -0.69000
196103089 35.96900 -120.56820 -0.69000
196103090 35.96900 -120.56820 -0.69000
196103091 35.96880 -120.56800 -0.69000
196103092 35.96880 -120.56800 -0.69000
196103093 35.96900 -120.56781 -0.69000
196103094 35.96900 -120.56781 -0.69000
196103095 35.96920 -120.56770 -0.69000
196103096 35.96930 -120.56750 -0.69000
196103097 35.96930 -120.56750 -0.69000
196103098 35.96930 -120.56730 -0.69000
196103099 35.96930 -120.56730 -0.69000
196103100 35.96950 -120.56720 -0.69000
196103101 35.96950 -120.56720 -0.69000
196103102 35.96950 -120.56700 -0.69000
196103103 35.96950 -120.56700 -0.69000
196103104 35.96970 -120.56681 -0.69000
196103105 35.96970 -120.56681 -0.69000
196103106 35.96970 -120.56671 -0.69000
196103107 35.96970 -120.56671 -0.69000
196103108 35.96980 -120.56650 -0.69000
196103109 35.96980 -120.56650 -0.69000
196103110 35.96980 -120.56630 -0.69000
196103111 35.96980 -120.56630 -0.69000
196103112 35.97000 -120.56620 -0.69000
196103113 35.97000 -120.56620 -0.69000
196103114 35.96980 -120.56580 -0.69000
196103115 35.96980 -120.56580 -0.69000
196103116 35.97000 -120.56570 -0.69000
196103117 35.97000 -120.56570 -0.69000
196103118 35.97000 -120.56549 -0.69000
196103119 35.97000 -120.56549 -0.69000
196103120 35.97020 -120.56530 -0.69000
196103121 35.97020 -120.56530 -0.69000
196103122 35.97030 -120.56520 -0.69000
196103123 35.97030 -120.56520 -0.69000
196103124 35.97050 -120.56501 -0.69000
196103125 35.97050 -120.56501 -0.69000
196103126 35.97020 -120.56450 -0.69000
196103127 35.97020 -120.56450 -0.69000
196103128 35.97030 -120.56430 -0.69000
196103129 35.97030 -120.56430 -0.68000
196103130 35.97050 -120.56401 -0.68000
196103131 35.97050 -120.56401 -0.68000
196103132 35.97070 -120.56379 -0.68000
196103133 35.97070 -120.56379 -0.68000
196103134 35.97070 -120.56370 -0.68000
196103135 35.97080 -120.56350 -0.68000
196103136 35.97080 -120.56350 -0.68000
196103137 35.97080 -120.56330 -0.68000
196103138 35.97080 -120.56330 -0.68000
196103139 35.97100 -120.56320 -0.68000
196103140 35.97100 -120.56320 -0.68000
196103141 35.97100 -120.56301 -0.68000
196103142 35.97100 -120.56301 -0.68000
196103143 35.97120 -120.56280 -0.68000
196103144 35.97120 -120.56280 -0.68000
196103145 35.97120 -120.56250 -0.68000
196103146 35.97120 -120.56250 -0.68000
196103147 35.97130 -120.56230 -0.68000
196103148 35.97130 -120.56230 -0.68000
196103149 35.97130 -120.56220 -0.68000
196103150 35.97130 -120.56220 -0.68000
196103151 35.97150 -120.56199 -0.68000
196103152 35.97150 -120.56199 -0.68000
196103153 35.97150 -120.56180 -0.68000
196103154 35.97170 -120.56170 -0.68000
196103155 35.97170 -120.56170 -0.68000
196103156 35.97170 -120.56130 -0.68000
196103157 35.97170 -120.56130 -0.68000
196103158 35.97180 -120.56121 -0.68000
196103159 35.97180 -120.56121 -0.68000
196103160 35.97180 -120.56099 -0.68000
196103161 35.97180 -120.56099 -0.68000
196103162 35.97200 -120.56080 -0.68000
196103163 35.97200 -120.56080 -0.68000
196103164 35.97200 -120.56070 -0.68000
196103165 35.97200 -120.56070 -0.68000
196103166 35.97220 -120.56050 -0.68000
196103167 35.97220 -120.56050 -0.68000
196103168 35.97220 -120.56030 -0.68000
196103169 35.97230 -120.56030 -0.68000
196103170 35.97230 -120.56020 -0.68000
196103171 35.97230 -120.55980 -0.68000
196103172 35.97230 -120.55980 -0.68000
196103173 35.97250 -120.55970 -0.68000
196103174 35.97250 -120.55970 -0.67000
196103175 35.97270 -120.55951 -0.68000
196103176 35.97270 -120.55951 -0.67000
196103177 35.97280 -120.55930 -0.67000
196103178 35.97280 -120.55930 -0.68000
196103179 35.97280 -120.55920 -0.68000
196103180 35.97280 -120.55920 -0.68000
196103181 35.97300 -120.55900 -0.68000
196103182 35.97300 -120.55870 -0.68000
196103183 35.97300 -120.55870 -0.68000
196103184 35.97320 -120.55850 -0.68000
196103185 35.97320 -120.55850 -0.68000
196103186 35.97300 -120.55829 -0.69000
196103187 35.97300 -120.55829 -0.69000
196103188 35.97320 -120.55819 -0.69000
196103189 35.97320 -120.55819 -0.68000
196103190 35.97330 -120.55800 -0.68000
196103191 35.97330 -120.55800 -0.68000
196103192 35.97350 -120.55780 -0.68000
196103193 35.97350 -120.55780 -0.68000
196103194 35.97350 -120.55770 -0.68000
196103195 35.97350 -120.55770 -0.68000
196103196 35.97370 -120.55750 -0.68000
196103197 35.97370 -120.55750 -0.68000
196103198 35.97370 -120.55719 -0.68000
196103199 35.97370 -120.55719 -0.68000
196103200 35.97380 -120.55700 -0.69000
196103201 35.97380 -120.55700 -0.68000
196103202 35.97380 -120.55680 -0.68000
196103203 35.97380 -120.55680 -0.68000
196103204 35.97400 -120.55670 -0.68000
196103205 35.97400 -120.55650 -0.69000
196103206 35.97400 -120.55650 -0.69000
196103207 35.97420 -120.55630 -0.68000
196103208 35.97420 -120.55630 -0.68000
196103209 35.97430 -120.55620 -0.68000
196103210 35.97430 -120.55620 -0.68000
196103211 35.97450 -120.55600 -0.68000
196103212 35.97450 -120.55600 -0.69000
196103213 35.97450 -120.55571 -0.69000
196103214 35.97470 -120.55549 -0.69000
196103215 35.97470 -120.55549 -0.69000
196103216 35.97470 -120.55549 -0.69000
196103217 35.97470 -120.55549 -0.69000
196103218 35.97480 -120.55530 -0.69000
196103219 35.97480 -120.55530 -0.69000
196103220 35.97480 -120.55500 -0.69000
196103221 35.97480 -120.55500 -0.69000
196103222 35.97500 -120.55480 -0.69000
196103223 35.97500 -120.55480 -0.69000
196103224 35.97500 -120.55470 -0.69000
196103225 35.97520 -120.55450 -0.69000
196103226 35.97520 -120.55450 -0.69000
196103227 35.97520 -120.55430 -0.69000
196103228 35.97520 -120.55430 -0.69000
196103229 35.97530 -120.55420 -0.69000
196103230 35.97530 -120.55420 -0.69000
196103231 35.97530 -120.55400 -0.69000
196103232 35.97530 -120.55400 -0.69000
196103233 35.97550 -120.55380 -0.69000
196103234 35.97570 -120.55370 -0.69000
196103235 35.97570 -120.55370 -0.70000
196103236 35.97580 -120.55350 -0.70000
196103237 35.97580 -120.55350 -0.70000
196103238 35.97580 -120.55330 -0.70000
196103239 35.97580 -120.55330 -0.70000
196103240 35.97600 -120.55320 -0.70000
196103241 35.97600 -120.55320 -0.70000
196103242 35.97580 -120.55300 -0.70000
196103243 35.97580 -120.55300 -0.70000
196103244 35.97600 -120.55280 -0.70000
196103245 35.97600 -120.55280 -0.70000
196103246 35.97600 -120.55250 -0.71000
196103247 35.97600 -120.55250 -0.71000
196103248 35.97600 -120.55230 -0.71000
196103249 35.97620 -120.55230 -0.71000
196103250 35.97620 -120.55230 -0.71000
196103251 35.97620 -120.55230 -0.71000
196103252 35.97630 -120.55220 -0.70000
196103253 35.97630 -120.55220 -0.70000
196103254 35.97630 -120.55181 -0.70000
196103255 35.97630 -120.55181 -0.70000
196103256 35.97650 -120.55169 -0.70000
196103257 35.97650 -120.55169 -0.70000
196103258 35.97650 -120.55130 -0.70000
196103259 35.97650 -120.55130 -0.70000
196103260 35.97670 -120.55120 -0.70000
196103261 35.97670 -120.55120 -0.70000
196103262 35.97680 -120.55080 -0.69000
196103263 35.97680 -120.55080 -0.69000
196103264 35.97700 -120.55070 -0.69000
196103265 35.97700 -120.55070 -0.69000
196103266 35.97700 -120.55050 -0.69000
196103267 35.97700 -120.55050 -0.69000
196103268 35.97720 -120.55030 -0.69000
196103269 35.97720 -120.55030 -0.69000
196103270 35.97700 -120.54980 -0.69000
196103271 35.97700 -120.54980 -0.69000
196103272 35.97720 -120.54970 -0.69000
196103273 35.97720 -120.54970 -0.69000
196103274 35.97730 -120.54949 -0.69000
196103275 35.97730 -120.54949 -0.69000
196103276 35.97750 -120.54930 -0.69000
196103277 35.97750 -120.54930 -0.69000
196103278 35.97750 -120.54920 -0.69000
196103279 35.97750 -120.54920 -0.69000
196103280 35.97770 -120.54901 -0.69000
196103281 35.97770 -120.54901 -0.69000
196103282 35.97770 -120.54880 -0.69000
196103283 35.97770 -120.54880 -0.69000
196103284 35.97780 -120.54870 -0.69000
196103285 35.97780 -120.54870 -0.69000
196103286 35.97780 -120.54850 -0.69000
196103287 35.97780 -120.54850 -0.69000
196103288 35.97800 -120.54830 -0.69000
196103289 35.97800 -120.54830 -0.69000
196103290 35.97800 -120.54800 -0.69000
196103291 35.97800 -120.54800 -0.69000
196103292 35.97820 -120.54779 -0.69000
196103293 35.97820 -120.54779 -0.69000
196103294 35.97820 -120.54770 -0.69000
196103295 35.97820 -120.54770 -0.69000
196103296 35.97830 -120.54750 -0.69000
196103297 35.97830 -120.54750 -0.69000
196103298 35.97830 -120.54731 -0.69000
196103299 35.97830 -120.54731 -0.69000
196103300 35.97850 -120.54720 -0.69000
196103301 35.97850 -120.54720 -0.69000
196103302 35.97850 -120.54680 -0.69000
196103303 35.97850 -120.54680 -0.69000
196103304 35.97850 -120.54670 -0.69000
196103305 35.97880 -120.54631 -0.69000
196103306 35.97880 -120.54631 -0.69000
196103307 35.97880 -120.54621 -0.69000
196103308 35.97880 -120.54621 -0.69000
196103309 35.97900 -120.54600 -0.70000
196103310 35.97900 -120.54600 -0.69000
196103311 35.97920 -120.54580 -0.70000
196103312 35.97920 -120.54580 -0.69000
196103313 35.97930 -120.54570 -0.70000
196103314 35.97930 -120.54570 -0.69000
196103315 35.97920 -120.54530 -0.69000
196103316 35.97920 -120.54520 -0.70000
196103317 35.97930 -120.54500 -0.70000
196103318 35.97930 -120.54500 -0.70000
196103319 35.97950 -120.54480 -0.70000
196103320 35.97950 -120.54480 -0.70000
196103321 35.97950 -120.54470 -0.70000
196103322 35.97950 -120.54470 -0.70000
196103323 35.97970 -120.54450 -0.70000
196103324 35.97970 -120.54450 -0.70000
196103325 35.97970 -120.54420 -0.70000
196103326 35.97970 -120.54420 -0.70000
196103327 35.97980 -120.54400 -0.70000
196103328 35.97980 -120.54400 -0.70000
196103329 35.97980 -120.54380 -0.70000
196103330 35.97980 -120.54380 -0.70000
196103331 35.98000 -120.54370 -0.70000
196103332 35.98000 -120.54370 -0.70000
196103333 35.98020 -120.54351 -0.70000
196103334 35.98030 -120.54329 -0.70000
196103335 35.98030 -120.54320 -0.70000
196103336 35.98030 -120.54320 -0.70000
196103337 35.98050 -120.54300 -0.71000
196103338 35.98050 -120.54270 -0.71000
196103339 35.98050 -120.54270 -0.71000
196103340 35.98070 -120.54251 -0.71000
196103341 35.98070 -120.54251 -0.71000
196103342 35.98070 -120.54229 -0.71000
196103343 35.98080 -120.54220 -0.71000
196103344 35.98080 -120.54220 -0.71000
196103345 35.98080 -120.54200 -0.71000
196103346 35.98080 -120.54200 -0.71000
196103347 35.98100 -120.54180 -0.71000
196103348 35.98100 -120.54180 -0.71000
196103349 35.98100 -120.54150 -0.71000
196103350 35.98100 -120.54150 -0.71000
196103351 35.98120 -120.54130 -0.71000
196103352 35.98120 -120.54130 -0.72000
196103353 35.98120 -120.54120 -0.72000
196103354 35.98120 -120.54120 -0.71000
196103355 35.98130 -120.54100 -0.71000
196103356 35.98130 -120.54100 -0.71000
196103357 35.98130 -120.54080 -0.71000
196103358 35.98130 -120.54080 -0.71000
196103359 35.98150 -120.54071 -0.71000
196103360 35.98150 -120.54071 -0.71000
196103361 35.98150 -120.54050 -0.71000
196103362 35.98150 -120.54050 -0.71000
196103363 35.98170 -120.54030 -0.72000
196103364 35.98170 -120.54030 -0.72000
196103365 35.98170 -120.54020 -0.72000
196103366 35.98170 -120.54020 -0.73000
196103367 35.98180 -120.54000 -0.73000
196103368 35.98180 -120.54000 -0.73000
196103369 35.98200 -120.53970 -0.74000
196103370 35.98200 -120.53970 -0.74000
196103371 35.98220 -120.53949 -0.74000
196103372 35.98220 -120.53949 -0.74000
196103373 35.98220 -120.53930 -0.75000
196103374 35.98220 -120.53930 -0.75000
196103375 35.98230 -120.53920 -0.75000
196103376 35.98230 -120.53920 -0.75000
196103377 35.98230 -120.53880 -0.75000
196103378 35.98230 -120.53880 -0.75000
196103379 35.98250 -120.53870 -0.75000
196103380 35.98250 -120.53870 -0.75000
196103381 35.98250 -120.53850 -0.75000
196103382 35.98250 -120.53850 -0.75000
196103383 35.98270 -120.53830 -0.75000
196103384 35.98270 -120.53830 -0.75000
196103385 35.98250 -120.53820 -0.75000
196103386 35.98250 -120.53820 -0.76000
196103387 35.98250 -120.53800 -0.76000
196103388 35.98270 -120.53800 -0.76000
196103389 35.98270 -120.53780 -0.77000
196103390 35.98270 -120.53780 -0.77000
196103391 35.98280 -120.53769 -0.78000
196103392 35.98280 -120.53769 -0.78000
196103393 35.98280 -120.53750 -0.79000
196103394 35.98280 -120.53750 -0.79000
196103395 35.98300 -120.53730 -0.79000
196103396 35.98300 -120.53730 -0.79000
196103397 35.98320 -120.53700 -0.79000
196103398 35.98320 -120.53700 -0.79000
196103399 35.98330 -120.53680 -0.79000
196103400 35.98330 -120.53680 -0.79000
196103401 35.98320 -120.53669 -0.79000
196103402 35.98320 -120.53669 -0.79000
196103403 35.98330 -120.53650 -0.79000
196103404 35.98330 -120.53650 -0.78000
196103405 35.98330 -120.53620 -0.78000
196103406 35.98330 -120.53620 -0.78000
196103407 35.98350 -120.53600 -0.78000
196103408 35.98350 -120.53600 -0.78000
196103409 35.98370 -120.53580 -0.78000
196103410 35.98370 -120.53580 -0.77000
196103411 35.98380 -120.53570 -0.77000
196103412 35.98380 -120.53570 -0.77000
196103413 35.98380 -120.53550 -0.77000
196103414 35.98380 -120.53550 -0.78000
196103415 35.98400 -120.53530 -0.78000
196103416 35.98400 -120.53530 -0.78000
196103417 35.98400 -120.53500 -0.77000
196103418 35.98400 -120.53500 -0.77000
196103419 35.98420 -120.53480 -0.77000
196103420 35.98420 -120.53480 -0.77000
196103421 35.98420 -120.53470 -0.77000
196103422 35.98420 -120.53470 -0.77000
196103423 35.98430 -120.53450 -0.77000
196103424 35.98430 -120.53450 -0.77000
196103425 35.98430 -120.53430 -0.77000
196103426 35.98430 -120.53430 -0.76000
196103427 35.98450 -120.53420 -0.76000
196103428 35.98450 -120.53420 -0.76000
196103429 35.98450 -120.53400 -0.76000
196103430 35.98450 -120.53400 -0.76000
196103431 35.98470 -120.53380 -0.75000
196103432 35.98470 -120.53380 -0.75000
196103433 35.98470 -120.53350 -0.75000
196103434 35.98470 -120.53350 -0.75000
196103435 35.98480 -120.53330 -0.74000
196103436 35.98470 -120.53300 -0.74000
196103437 35.98470 -120.53300 -0.74000
196103438 35.98480 -120.53280 -0.74000
196103439 35.98480 -120.53280 -0.74000
196103440 35.98500 -120.53280 -0.74000
196103441 35.98500 -120.53280 -0.74000
196103442 35.98520 -120.53270 -0.74000
196103443 35.98520 -120.53230 -0.74000
196103444 35.98520 -120.53230 -0.74000
196103445 35.98530 -120.53220 -0.74000
196103446 35.98530 -120.53220 -0.74000
196103447 35.98530 -120.53200 -0.74000
196103448 35.98530 -120.53200 -0.73000
196103449 35.98550 -120.53180 -0.73000
196103450 35.98550 -120.53180 -0.73000
196103451 35.98550 -120.53170 -0.73000
196103452 35.98570 -120.53150 -0.72000
196103453 35.98570 -120.53119 -0.72000
196103454 35.98570 -120.53119 -0.72000
196103455 35.98580 -120.53100 -0.72000
196103456 35.98580 -120.53100 -0.72000
196103457 35.98580 -120.53080 -0.72000
196103458 35.98580 -120.53080 -0.71000
196103459 35.98600 -120.53070 -0.71000
196103460 35.98600 -120.53070 -0.71000
196103461 35.98600 -120.53050 -0.70000
196103462 35.98600 -120.53050 -0.70000
196103463 35.98620 -120.53030 -0.70000
196103464 35.98620 -120.53030 -0.70000
196103465 35.98620 -120.53000 -0.69000
196103466 35.98620 -120.53000 -0.69000
196103467 35.98630 -120.52980 -0.70000
196103468 35.98630 -120.52980 -0.70000
196103469 35.98620 -120.52980 -0.69000
196103470 35.98620 -120.52980 -0.69000
196103471 35.98630 -120.52970 -0.69000
196103472 35.98630 -120.52970 -0.69000
196103473 35.98650 -120.52930 -0.69000
196103474 35.98670 -120.52920 -0.69000
196103475 35.98670 -120.52920 -0.69000
196103476 35.98670 -120.52920 -0.69000
196103477 35.98670 -120.52920 -0.69000
196103478 35.98680 -120.52900 -0.70000
196103479 35.98680 -120.52900 -0.70000
196103480 35.98680 -120.52900 -0.70000
196103481 35.98680 -120.52900 -0.70000
196103482 35.98700 -120.52880 -0.70000
196103483 35.98700 -120.52880 -0.70000
196103484 35.98700 -120.52820 -0.70000
196103485 35.98700 -120.52820 -0.71000
196103486 35.98720 -120.52800 -0.71000
196103487 35.98720 -120.52800 -0.71000
196103488 35.98720 -120.52780 -0.71000
196103489 35.98720 -120.52780 -0.71000
196103490 35.98730 -120.52770 -0.72000
196103491 35.98730 -120.52770 -0.72000
196103492 35.98730 -120.52750 -0.72000
196103493 35.98750 -120.52750 -0.72000
196103494 35.98750 -120.52729 -0.72000
196103495 35.98770 -120.52729 -0.72000
196103496 35.98770 -120.52720 -0.72000
196103497 35.98750 -120.52720 -0.71000
196103498 35.98750 -120.52700 -0.71000
196103499 35.98770 -120.52650 -0.71000
196103500 35.98770 -120.52630 -0.71000
196103501 35.98780 -120.52630 -0.71000
196103502 35.98780 -120.52630 -0.71000
196103503 35.98780 -120.52620 -0.71000
196103504 35.98780 -120.52620 -0.71000
196103505 35.98780 -120.52620 -0.71000
196103506 35.98780 -120.52600 -0.71000
196103507 35.98800 -120.52600 -0.71000
196103508 35.98800 -120.52581 -0.71000
196103509 35.98800 -120.52581 -0.71000
196103510 35.98800 -120.52570 -0.71000
196103511 35.98820 -120.52570 -0.71000
196103512 35.98820 -120.52570 -0.71000
196103513 35.98800 -120.52530 -0.71000
196103514 35.98800 -120.52520 -0.71000
196103515 35.98820 -120.52520 -0.71000
196103516 35.98820 -120.52500 -0.71000
196103517 35.98820 -120.52500 -0.71000
196103518 35.98820 -120.52481 -0.71000
196103519 35.98830 -120.52481 -0.72000
196103520 35.98830 -120.52481 -0.72000
196103521 35.98830 -120.52450 -0.72000
196103522 35.98830 -120.52430 -0.72000
196103523 35.98850 -120.52430 -0.72000
196103524 35.98850 -120.52430 -0.72000
196103525 35.98870 -120.52420 -0.72000
196103526 35.98870 -120.52400 -0.73000
196103527 35.98880 -120.52400 -0.73000
196103528 35.98880 -120.52400 -0.73000
196103529 35.98880 -120.52400 -0.73000
196103530 35.98880 -120.52380 -0.74000
196103531 35.98900 -120.52380 -0.74000
196103532 35.98900 -120.52380 -0.73000
196103533 35.98900 -120.52350 -0.73000
196103534 35.98900 -120.52330 -0.73000
196103535 35.98920 -120.52330 -0.74000
196103536 35.98920 -120.52330 -0.74000
196103537 35.98920 -120.52320 -0.74000
196103538 35.98930 -120.52301 -0.74000
196103539 35.98930 -120.52301 -0.74000
196103540 35.98930 -120.52301 -0.75000
196103541 35.98930 -120.52270 -0.75000
196103542 35.98930 -120.52250 -0.75000
196103543 35.98950 -120.52250 -0.75000
196103544 35.98950 -120.52250 -0.75000
196103545 35.98950 -120.52220 -0.75000
58120080 35.93080 -120.60680 -0.64000
58120180 35.93650 -120.59970 -0.58000
58120280 35.94170 -120.59300 -0.68000
58120380 35.94500 -120.58900 -0.66000
58120480 35.94730 -120.58580 -0.71000
58120580 35.95270 -120.57930 -0.78000
58120680 35.95600 -120.57520 -0.75000
58120780 35.95980 -120.57030 -0.74000
58120880 35.96500 -120.56401 -0.68000
58120980 35.96930 -120.55829 -0.66000
58121080 35.97180 -120.55520 -0.65000
58121180 35.97500 -120.55130 -0.66000
58121280 35.97680 -120.55000 -0.66000
58121380 35.97830 -120.54750 -0.67000
58121580 35.98100 -120.54470 -0.70000
58121680 35.98500 -120.54020 -0.77000
58121780 35.98870 -120.53580 -0.65000
58121880 35.99150 -120.53270 -0.77000
58121980 35.99450 -120.52950 -0.80000
58122080 35.99770 -120.52581 -0.87000
58122180 36.00100 -120.52220 -0.93000
58122280 36.00450 -120.51800 -1.00000
58122380 36.02750 -120.49770 -0.89000
58122480 36.02830 -120.49150 -0.86000
58122580 36.03150 -120.48780 -0.78000
58122680 36.03520 -120.48371 -0.69000
58122780 36.03850 -120.47980 -0.62000
58122880 36.04180 -120.47620 -0.58000
58122980 36.04430 -120.47250 -0.50000
