 MH11   35.98338 -120.54330 -1998.0000
 SAF3   35.97373 -120.55257 659.0000
 SS01   35.97700 -120.55040 677.0000
 SS02   35.97815 -120.54877 663.0000
 SS03   35.97967 -120.54682 685.0000
 SS04   35.98187 -120.54417 703.0000
 SS05   35.98347 -120.54247 730.0000
 SMEM   35.98190 -120.54473 -1858.0000
 GALP   35.98190 -120.54473 -1858.0000
 S101   35.97420 -120.55213 614.0000
 S102   35.97422 -120.55213 599.0000
 S103   35.97422 -120.55213 583.0000
 S104   35.97422 -120.55213 568.0000
 S105   35.97422 -120.55212 553.0000
 S106   35.97422 -120.55212 538.0000
 S107   35.97422 -120.55212 522.0000
 S108   35.97422 -120.55210 507.0000
 S109   35.97422 -120.55210 492.0000
 S110   35.97420 -120.55210 477.0000
 S111   35.97420 -120.55208 461.0000
 S112   35.97420 -120.55208 446.0000
 S113   35.97420 -120.55208 431.0000
 S114   35.97420 -120.55207 416.0000
 S115   35.97420 -120.55207 401.0000
 S116   35.97420 -120.55207 385.0000
 S117   35.97420 -120.55205 370.0000
 S118   35.97420 -120.55205 355.0000
 S119   35.97420 -120.55205 340.0000
 S120   35.97420 -120.55203 324.0000
 S121   35.97420 -120.55203 309.0000
 S122   35.97420 -120.55203 294.0000
 S123   35.97420 -120.55202 279.0000
 S124   35.97420 -120.55202 263.0000
 S125   35.97420 -120.55202 248.0000
 S126   35.97420 -120.55202 233.0000
 S127   35.97420 -120.55200 218.0000
 S128   35.97420 -120.55200 203.0000
 S129   35.97420 -120.55200 187.0000
 S130   35.97420 -120.55200 172.0000
 S131   35.97420 -120.55198 157.0000
 S132   35.97420 -120.55198 142.0000
 S133   35.97420 -120.55198 126.0000
 S134   35.97420 -120.55198 111.0000
 S135   35.97418 -120.55197  96.0000
 S136   35.97418 -120.55197  81.0000
 S137   35.97418 -120.55197  65.0000
 S138   35.97418 -120.55195  50.0000
 S139   35.97418 -120.55195  35.0000
 S140   35.97418 -120.55195  20.0000
 S142   35.97418 -120.55193 -11.0000
 S143   35.97418 -120.55193 -26.0000
 S144   35.97418 -120.55192 -41.0000
 S145   35.97418 -120.55192 -56.0000
 S146   35.97418 -120.55192 -72.0000
 S147   35.97418 -120.55190 -87.0000
 S148   35.97418 -120.55190 -102.0000
 S149   35.97418 -120.55190 -117.0000
 S150   35.97418 -120.55188 -133.0000
 S151   35.97418 -120.55188 -148.0000
 S152   35.97418 -120.55188 -163.0000
 S153   35.97418 -120.55188 -178.0000
 S154   35.97418 -120.55188 -194.0000
 S155   35.97418 -120.55188 -209.0000
 S156   35.97418 -120.55187 -224.0000
 S157   35.97418 -120.55187 -239.0000
 S158   35.97418 -120.55187 -254.0000
 S159   35.97418 -120.55187 -270.0000
 S160   35.97418 -120.55187 -285.0000
 S161   35.97418 -120.55187 -300.0000
 S162   35.97418 -120.55187 -315.0000
 S163   35.97417 -120.55187 -331.0000
 S164   35.97417 -120.55187 -346.0000
 S165   35.97417 -120.55185 -361.0000
 S166   35.97417 -120.55185 -376.0000
 S167   35.97417 -120.55185 -392.0000
 S168   35.97417 -120.55183 -407.0000
 S169   35.97417 -120.55183 -422.0000
 S170   35.97417 -120.55182 -437.0000
 S171   35.97417 -120.55182 -452.0000
 S172   35.97418 -120.55180 -468.0000
 S174   35.97420 -120.55178 -498.0000
 S175   35.97420 -120.55177 -513.0000
 S176   35.97422 -120.55177 -528.0000
 S179   35.97423 -120.55175 -574.0000
 S201   35.97418 -120.55187 -269.0000
 S202   35.97418 -120.55187 -285.0000
 S203   35.97418 -120.55187 -300.0000
 S204   35.97418 -120.55187 -315.0000
 S205   35.97417 -120.55187 -330.0000
 S206   35.97417 -120.55187 -346.0000
 S207   35.97417 -120.55185 -361.0000
 S208   35.97417 -120.55185 -376.0000
 S209   35.97417 -120.55185 -391.0000
 S210   35.97417 -120.55183 -407.0000
 S211   35.97417 -120.55183 -422.0000
 S212   35.97417 -120.55182 -437.0000
 S213   35.97417 -120.55182 -452.0000
 S214   35.97418 -120.55180 -467.0000
 S215   35.97418 -120.55178 -483.0000
 S216   35.97420 -120.55178 -498.0000
 S217   35.97420 -120.55177 -513.0000
 S218   35.97422 -120.55177 -528.0000
 S219   35.97422 -120.55177 -543.0000
 S220   35.97423 -120.55177 -559.0000
 S221   35.97423 -120.55175 -574.0000
 S222   35.97425 -120.55175 -589.0000
 S223   35.97425 -120.55175 -604.0000
 S224   35.97427 -120.55175 -619.0000
 S225   35.97427 -120.55173 -635.0000
 S226   35.97428 -120.55173 -650.0000
 S227   35.97428 -120.55173 -665.0000
 S228   35.97430 -120.55173 -680.0000
 S229   35.97430 -120.55173 -695.0000
 S230   35.97430 -120.55173 -711.0000
 S231   35.97432 -120.55173 -726.0000
 S232   35.97432 -120.55172 -741.0000
 S233   35.97432 -120.55172 -756.0000
 S234   35.97432 -120.55172 -772.0000
 S235   35.97432 -120.55172 -787.0000
 S236   35.97433 -120.55172 -802.0000
 S237   35.97433 -120.55172 -817.0000
 S238   35.97433 -120.55172 -833.0000
 S239   35.97435 -120.55170 -848.0000
 S240   35.97435 -120.55168 -863.0000
 S242   35.97438 -120.55165 -893.0000
 S243   35.97440 -120.55163 -908.0000
 S244   35.97443 -120.55162 -923.0000
 S245   35.97447 -120.55160 -937.0000
 S246   35.97450 -120.55157 -952.0000
 S247   35.97455 -120.55155 -966.0000
 S248   35.97458 -120.55152 -980.0000
 S249   35.97463 -120.55148 -995.0000
 S250   35.97468 -120.55145 -1009.0000
 S251   35.97473 -120.55142 -1023.0000
 S252   35.97477 -120.55138 -1037.0000
 S253   35.97482 -120.55137 -1051.0000
 S254   35.97487 -120.55132 -1065.0000
 S255   35.97493 -120.55128 -1078.0000
 S256   35.97498 -120.55125 -1092.0000
 S257   35.97505 -120.55120 -1104.0000
 S258   35.97512 -120.55115 -1117.0000
 S259   35.97518 -120.55112 -1130.0000
 S260   35.97525 -120.55107 -1142.0000
 S263   35.97548 -120.55090 -1177.0000
 S264   35.97557 -120.55083 -1188.0000
 S265   35.97565 -120.55078 -1198.0000
 S266   35.97573 -120.55070 -1208.0000
 S267   35.97582 -120.55063 -1219.0000
 S268   35.97592 -120.55057 -1229.0000
 S269   35.97600 -120.55050 -1239.0000
 S270   35.97608 -120.55043 -1249.0000
 S271   35.97617 -120.55037 -1259.0000
 S272   35.97625 -120.55028 -1269.0000
 S274   35.97642 -120.55013 -1288.0000
 S275   35.97652 -120.55007 -1298.0000
 S276   35.97660 -120.54998 -1307.0000
 S279   35.97685 -120.54973 -1335.0000
 S301   35.97437 -120.55168 -878.0000
 S302   35.97438 -120.55165 -893.0000
 S303   35.97440 -120.55163 -908.0000
 S304   35.97443 -120.55162 -923.0000
 S305   35.97447 -120.55160 -937.0000
 S306   35.97450 -120.55157 -952.0000
 S307   35.97453 -120.55155 -966.0000
 S308   35.97458 -120.55152 -980.0000
 S309   35.97463 -120.55148 -994.0000
 S310   35.97468 -120.55145 -1008.0000
 S311   35.97473 -120.55142 -1022.0000
 S312   35.97477 -120.55138 -1037.0000
 S313   35.97482 -120.55137 -1051.0000
 S314   35.97487 -120.55132 -1064.0000
 S315   35.97492 -120.55128 -1078.0000
 S316   35.97498 -120.55125 -1091.0000
 S317   35.97505 -120.55120 -1104.0000
 S318   35.97512 -120.55115 -1117.0000
 S319   35.97518 -120.55112 -1129.0000
 S320   35.97525 -120.55107 -1142.0000
 S321   35.97533 -120.55102 -1154.0000
 S322   35.97540 -120.55097 -1165.0000
 S323   35.97548 -120.55090 -1177.0000
 S324   35.97557 -120.55085 -1187.0000
 S325   35.97565 -120.55078 -1198.0000
 S326   35.97573 -120.55072 -1208.0000
 S327   35.97582 -120.55063 -1218.0000
 S328   35.97592 -120.55057 -1228.0000
 S329   35.97600 -120.55050 -1239.0000
 S330   35.97608 -120.55043 -1249.0000
 S331   35.97617 -120.55037 -1259.0000
 S332   35.97625 -120.55028 -1269.0000
 S333   35.97633 -120.55022 -1279.0000
 S334   35.97642 -120.55013 -1288.0000
 S335   35.97652 -120.55007 -1298.0000
 S336   35.97660 -120.54998 -1307.0000
 S337   35.97668 -120.54990 -1317.0000
 S338   35.97677 -120.54982 -1326.0000
 S339   35.97685 -120.54973 -1335.0000
 S340   35.97695 -120.54965 -1344.0000
 S341   35.97703 -120.54957 -1353.0000
 S342   35.97712 -120.54948 -1362.0000
 S343   35.97720 -120.54940 -1371.0000
 S344   35.97730 -120.54932 -1380.0000
 S345   35.97738 -120.54923 -1389.0000
 S346   35.97747 -120.54913 -1398.0000
 S347   35.97755 -120.54905 -1407.0000
 S348   35.97763 -120.54897 -1416.0000
 S349   35.97772 -120.54888 -1425.0000
 S350   35.97780 -120.54880 -1434.0000
 S351   35.97790 -120.54870 -1443.0000
 S352   35.97798 -120.54862 -1452.0000
 S353   35.97807 -120.54853 -1461.0000
 S354   35.97815 -120.54845 -1469.0000
 S355   35.97823 -120.54837 -1478.0000
 S356   35.97833 -120.54828 -1487.0000
 S357   35.97842 -120.54820 -1497.0000
 S358   35.97850 -120.54812 -1506.0000
 S359   35.97858 -120.54803 -1515.0000
 S360   35.97868 -120.54795 -1523.0000
 S361   35.97877 -120.54785 -1532.0000
 S362   35.97885 -120.54777 -1541.0000
 S363   35.97895 -120.54768 -1550.0000
 S364   35.97903 -120.54760 -1559.0000
 S365   35.97912 -120.54752 -1567.0000
 S366   35.97920 -120.54743 -1576.0000
 S367   35.97930 -120.54735 -1585.0000
 S368   35.97938 -120.54727 -1594.0000
 S369   35.97947 -120.54718 -1603.0000
 S370   35.97955 -120.54710 -1612.0000
 S371   35.97965 -120.54702 -1621.0000
 S372   35.97973 -120.54693 -1630.0000
 S373   35.97982 -120.54685 -1639.0000
 S374   35.97990 -120.54677 -1649.0000
 S375   35.97998 -120.54668 -1658.0000
 S376   35.98007 -120.54660 -1667.0000
 S377   35.98015 -120.54652 -1676.0000
 S378   35.98023 -120.54642 -1685.0000
 S380   35.98042 -120.54625 -1703.0000
 Tank   35.98538 -120.54173 681.0000
 Cvcr   35.99465 -120.52802 807.0000
 Karl   36.00510 -120.51790 980.0000
 Kool   36.00308 -120.54710 797.0000
 Leep   35.99287 -120.50652 983.0000
 Lccb   35.98033 -120.51743 691.0000
 Flip   35.97143 -120.53273 721.0000
 Pies   35.99685 -120.55772 640.0000
 Pole   36.00523 -120.57375 555.0000
 Vine   35.94627 -120.53920 587.0000
 Crak   35.95548 -120.52238 686.0000
 Pigh   35.97013 -120.56018 629.0000
 AHAB   35.97668 -120.54452 770.0000
 ALEX   35.97883 -120.46467 762.0000
 BART   36.01288 -120.65522 567.0000
 BECH   35.95087 -120.54747 656.0000
 BUMP   35.98058 -120.55225 780.0000
 BURN   35.98450 -120.56983 729.0000
 Burn   35.98400 -120.56935 703.0000
 BUR3   35.98313 -120.56842 671.0000
 BUZZ   36.01660 -120.60493 637.0000
 CABU   36.01483 -120.53183 906.0000
 CANS   35.90038 -120.56625 707.0000
 CCRB   35.95717 -120.55162 350.0000
 CGAS   35.96907 -120.49997 634.0000
 CLIF   36.01950 -120.54600 952.0000
 CRAB   36.01175 -120.55347 859.0000
 CRAK   35.95547 -120.52248 716.0000
 CVCR   35.99475 -120.52800 839.0000
 CVC3   35.99447 -120.52843 819.0000
 DBLT   35.96017 -120.58435 732.0000
 FLIP   35.97153 -120.53295 815.0000
 GERD   35.97610 -120.63598 505.0000
 GLEN   35.93347 -120.56453 784.0000
 GOBI   35.93987 -120.54248 699.0000
 GULY   35.94920 -120.51150 721.0000
 HIDE   35.96598 -120.54878 667.0000
 HOTF   35.96152 -120.52998 736.0000
 ISKK   36.00248 -120.50298 1024.0000
 JETS   35.96063 -120.50913 855.0000
 KARL   36.00525 -120.51770 1009.0000
 KEYS   35.97732 -120.60972 577.0000
 KOOL   36.00317 -120.54687 829.0000
 LAST   35.98933 -120.54767 754.0000
 LCCB   35.98007 -120.51423 670.0000
 LEEP   35.99290 -120.50657 1013.0000
 LOMB   35.96173 -120.66183 469.0000
 MAPL   36.04720 -120.45757 457.0000
 MATZ   36.08472 -120.51468 460.0000
 MINE   35.97087 -120.46312 808.0000
 MMCR   35.96083 -120.50667 797.0000
 MMEC   35.97167 -120.49817 604.0000
 MMEN   35.97900 -120.51000 656.0000
 MMES   35.96250 -120.48833 568.0000
 MMNB   35.95650 -120.49600 733.0000
 MMSU   35.96800 -120.52033 866.0000
 MMWC   35.95383 -120.51900 684.0000
 MMWN   35.95933 -120.52983 707.0000
 MMWS   35.94317 -120.50717 629.0000
 MOH9   35.97372 -120.56727 673.0000
 MRED   35.96382 -120.48348 610.0000
 MUST   35.97243 -120.42467 1031.0000
 NOXV   35.95758 -120.56137 697.0000
 PAKD   35.98203 -120.56172 705.0000
 PHP    35.98055 -120.60682 567.0000
 PIES   35.99703 -120.55775 666.0000
 PIGH   35.96332 -120.56627 716.0000
 PIG3   35.97022 -120.56007 654.0000
 PINE   35.96567 -120.51648 857.0000
 PINN   36.04712 -120.55247 1053.0000
 PMM    35.95633 -120.49848 778.0000
 POKE   35.99567 -120.54317 789.0000
 POLE   36.00545 -120.57437 582.0000
 POND   36.01478 -120.57067 742.0000
 POST   36.02838 -120.57252 828.0000
 POWR   36.00773 -120.53422 958.0000
 PPC    35.94967 -120.59535 609.0000
 PRIS   35.97817 -120.48933 633.0000
 PSM    36.06880 -120.59618 997.0000
 PST    35.93070 -120.51475 591.0000
 PVC    35.92207 -120.53498 791.0000
 RAIN   35.98417 -120.48567 734.0000
 RCKY   35.96133 -120.60517 710.0000
 RITA   35.88747 -120.46205 581.0000
 RMNB   36.00087 -120.47772 1196.0000
 SAGE   35.98252 -120.52277 795.0000
 SCYB   36.00942 -120.53662 695.0000
 SLAK   35.99333 -120.57202 732.0000
 SMNB   35.97297 -120.57988 450.0000
 STAL   36.02072 -120.55983 874.0000
 STAM   36.03072 -120.61135 761.0000
 STGI   36.02638 -120.58820 778.0000
 TANK   35.98532 -120.54192 769.0000
 TIM7   35.99500 -120.48433 920.0000
 UPUP   36.03450 -120.56037 876.0000
 VCAB   35.92162 -120.53392 589.0000
 VINE   35.94615 -120.53912 617.0000
 WELD   35.93833 -120.52843 607.0000
 JCNB   35.93897 -120.43112 343.0000
 JCSB   35.92117 -120.43400 333.0000
 PFR    35.91073 -120.48737 548.0000
 PHO    35.86667 -120.47972 799.0000
 NE15   35.99417 -120.52755 821.0000
 NE14   35.99358 -120.52822 802.0000
 NE13   35.99293 -120.52905 799.0000
 NE12   35.99232 -120.52987 796.0000
 NE11   35.99175 -120.53052 788.0000
 NE10   35.98690 -120.53490 697.0000
 NE09   35.98660 -120.53530 710.0000
 NE08   35.98633 -120.53573 717.0000
 NE07   35.98618 -120.53593 718.0000
 NE06   35.98603 -120.53612 713.0000
 NE05   35.98588 -120.53633 717.0000
 NE04   35.98573 -120.53653 721.0000
 NE03   35.98558 -120.53672 726.0000
 NE02   35.98542 -120.53692 731.0000
 NE01   35.98528 -120.53712 733.0000
 ST00   35.98515 -120.53733 736.0000
 SW01   35.98500 -120.53753 737.0000
 SW02   35.98485 -120.53773 744.0000
 SW03   35.98470 -120.53792 749.0000
 SW04   35.98457 -120.53812 754.0000
 SW05   35.98442 -120.53833 759.0000
 SW06   35.98427 -120.53853 763.0000
 SW07   35.98410 -120.53872 771.0000
 SW08   35.98395 -120.53890 776.0000
 SW09   35.98365 -120.53928 772.0000
 SW10   35.98338 -120.53968 752.0000
 SW11   35.98060 -120.54348 689.0000
 SW12   35.98002 -120.54432 685.0000
 SW13   35.97943 -120.54513 684.0000
 SW14   35.97882 -120.54595 694.0000
 NW08   35.98930 -120.54257 676.0000
 NW07   35.98897 -120.54220 680.0000
 NW06   35.98863 -120.54183 689.0000
 NW05   35.98830 -120.54140 694.0000
 NW04   35.98797 -120.54100 702.0000
 NW03   35.98648 -120.53817 723.0000
 NW02   35.98608 -120.53788 730.0000
 NW01   35.98562 -120.53758 737.0000
 SE01   35.98477 -120.53707 740.0000
 SE02   35.98438 -120.53678 746.0000
 SE03   35.98400 -120.53653 750.0000
 SE04   35.98360 -120.53625 752.0000
 SE05   35.98322 -120.53598 749.0000
 DB01   35.97402 -120.55205 -1436.0000
 DB02   35.97402 -120.55205 -1396.0000
 DB03   35.97400 -120.55205 -1356.0000
 DB04   35.97398 -120.55205 -1316.0000
 DB05   35.97397 -120.55207 -1276.0000
 DB06   35.97397 -120.55207 -1236.0000
 DB07   35.97397 -120.55208 -1196.0000
 DB08   35.97397 -120.55208 -1156.0000
 DB09   35.97397 -120.55208 -1116.0000
 DB10   35.97398 -120.55208 -1075.0000
 DB11   35.97400 -120.55208 -1036.0000
 DB12   35.97402 -120.55207 -996.0000
 DB13   35.97403 -120.55207 -956.0000
 DB14   35.97405 -120.55205 -915.0000
 DB15   35.97405 -120.55205 -876.0000
 DB16   35.97407 -120.55203 -836.0000
 DB17   35.97408 -120.55202 -796.0000
 DB18   35.97408 -120.55202 -756.0000
 DB19   35.97407 -120.55198 -716.0000
 DB20   35.97407 -120.55195 -676.0000
 DB21   35.97408 -120.55193 -636.0000
 DB22   35.97410 -120.55190 -596.0000
 DB23   35.97410 -120.55188 -556.0000
 DB24   35.97413 -120.55188 -516.0000
 DB25   35.97415 -120.55188 -475.0000
 DB26   35.97418 -120.55188 -436.0000
 DB27   35.97423 -120.55188 -396.0000
 DB28   35.97425 -120.55190 -356.0000
 DB29   35.97427 -120.55190 -316.0000
 DB30   35.97428 -120.55192 -276.0000
 DB31   35.97428 -120.55193 -236.0000
 DB32   35.97428 -120.55195 -196.0000
 SH01   35.97450 -120.55167 630.0000
 SH02   35.96117 -120.59183 720.0000
 SH03   35.96583 -120.66500 410.0000
 SH04   36.08983 -120.51450 410.0000
 SH06   35.90067 -120.56633 640.0000
 SH07   35.96583 -120.61283 680.0000
 SH08   35.97433 -120.60517 580.0000
 SH09   35.93383 -120.56500 770.0000
 SH10   35.98033 -120.51133 630.0000
 SH11   35.97517 -120.48983 630.0000
 SH12   35.95800 -120.50400 730.0000
 SH13   35.97033 -120.49917 640.0000
 SH14   35.99367 -120.47033 830.0000
 SH15   35.97233 -120.42550 1010.0000
 SH16   35.97067 -120.46267 750.0000
 SH17   35.96650 -120.47500 620.0000
 SH21   36.00458 -120.56080 621.0000
 SH22   35.99750 -120.56748 681.0000
 SH23   35.98617 -120.56862 672.0000
 SH24   35.96143 -120.52977 728.0000
 SH25   36.00808 -120.53160 951.0000
 SH26   36.02757 -120.49768 886.0000
 SH27   36.02837 -120.49147 862.0000
 SH28   36.00458 -120.51795 1002.0000
 SH29   36.03148 -120.48778 784.0000
 SH30   35.95980 -120.57037 739.0000
 SH31   36.03520 -120.48360 690.0000
 SH32   36.00093 -120.52217 933.0000
 SH33   35.95270 -120.57930 778.0000
 SH34   35.99762 -120.52588 869.0000
 SH35   36.04183 -120.47613 578.0000
 SH36   35.99445 -120.52947 801.0000
 SH37   36.04435 -120.47247 498.0000
 SH38   35.99155 -120.53270 770.0000
 SH39   35.95595 -120.57517 749.0000
 SH40   35.98865 -120.53590 654.0000
 SH41   35.94740 -120.58587 706.0000
 SH42   35.98495 -120.54012 769.0000
 SH43   35.94503 -120.58897 657.0000
 SH44   35.94170 -120.59303 677.0000
 SH45   35.98095 -120.54460 696.0000
 SH46   35.97840 -120.54748 669.0000
 SH47   35.93085 -120.60683 636.0000
 SH48   35.97497 -120.55133 663.0000
 SH49   35.97683 -120.55003 663.0000
 SH50   36.06207 -120.45320 470.0000
 SH51   35.97178 -120.55523 651.0000
 SH52   36.06613 -120.44873 480.0000
 SH53   35.96938 -120.55828 660.0000
 SH54   35.96493 -120.56392 684.0000
 SH55   35.90583 -120.63833 535.0000
 SH56   36.07972 -120.43343 434.0000
 H400   36.04082 -120.47727 559.0000
 H405   36.03915 -120.47913 607.0000
 H410   36.03750 -120.48100 628.0000
 H415   36.03583 -120.48288 675.0000
 H420   36.03417 -120.48475 701.0000
 H425   36.03252 -120.48662 743.0000
 H430   36.03085 -120.48850 797.0000
 H435   36.02917 -120.49035 857.0000
 H440   36.02752 -120.49225 872.0000
 H445   36.02592 -120.49408 902.0000
 H450   36.02418 -120.49597 960.0000
 H455   36.02253 -120.49783 990.0000
 H460   36.02087 -120.49970 1072.0000
 H465   36.01920 -120.50152 1045.0000
 H470   36.01753 -120.50342 1011.0000
 H510   36.00422 -120.51840 991.0000
 H515   36.00257 -120.52030 957.0000
 H520   36.00090 -120.52217 934.0000
 H525   35.99923 -120.52405 896.0000
 H530   35.99758 -120.52590 873.0000
 H535   35.99592 -120.52777 849.0000
 H540   35.99425 -120.52965 799.0000
 H545   35.99258 -120.53152 762.0000
 H550   35.99092 -120.53338 760.0000
 H555   35.98925 -120.53527 675.0000
 H560   35.98762 -120.53712 685.0000
 H565   35.98593 -120.53900 734.0000
 H570   35.98427 -120.54087 765.0000
 H575   35.98262 -120.54273 716.0000
 H580   35.98095 -120.54462 694.0000
 H585   35.97928 -120.54647 670.0000
 H590   35.97763 -120.54833 670.0000
 H595   35.97597 -120.55022 661.0000
 H600   35.97425 -120.55208 657.0000
 H605   35.97272 -120.55407 651.0000
 H610   35.97113 -120.55607 645.0000
 H615   35.96958 -120.55805 657.0000
 H620   35.96803 -120.55998 678.0000
 H625   35.96643 -120.56200 706.0000
 H630   35.96487 -120.56398 686.0000
 H635   35.96327 -120.56597 712.0000
 H640   35.96170 -120.56795 719.0000
 H645   35.96010 -120.56995 744.0000
 H650   35.95857 -120.57192 736.0000
 H655   35.95698 -120.57392 719.0000
 H660   35.95542 -120.57590 727.0000
 H665   35.95383 -120.57788 742.0000
 H670   35.95227 -120.57987 757.0000
 H675   35.95068 -120.58182 729.0000
 H680   35.94910 -120.58385 733.0000
 H685   35.94753 -120.58582 702.0000
 H690   35.94598 -120.58778 676.0000
 H695   35.94438 -120.58977 670.0000
 H700   35.94278 -120.59178 671.0000
 H705   35.94125 -120.59373 657.0000
 H710   35.93967 -120.59572 579.0000
 H715   35.93807 -120.59767 534.0000
 H720   35.93653 -120.59965 580.0000
 H725   35.93497 -120.60167 591.0000
 H730   35.93338 -120.60363 561.0000
 H735   35.93182 -120.60560 577.0000
 H740   35.93023 -120.60760 615.0000
 H745   35.92865 -120.60958 632.0000
 H750   35.92708 -120.61158 636.0000
 H755   35.92550 -120.61355 637.0000
 H760   35.92393 -120.61553 644.0000
 H765   35.92237 -120.61752 683.0000
 H770   35.92078 -120.61950 634.0000
 H775   35.91922 -120.62148 592.0000
 H780   35.91763 -120.62345 606.0000
 H785   35.91605 -120.62545 643.0000
 H790   35.91448 -120.62743 598.0000
 H795   35.91290 -120.62942 565.0000
 H800   35.91133 -120.63142 544.0000
 HR01   36.04747 -120.46977 423.0000
 HR02   36.04580 -120.47163 476.0000
 HR03   36.04415 -120.47352 526.0000
 HR04   36.04248 -120.47540 555.0000
 HR05   36.04082 -120.47727 559.0000
 HR06   36.03915 -120.47913 608.0000
 HR07   36.03750 -120.48100 629.0000
 HR08   36.03583 -120.48288 675.0000
 HR09   36.03417 -120.48475 701.0000
 HR10   36.03252 -120.48662 744.0000
 HR11   36.03085 -120.48850 797.0000
 HR12   36.02917 -120.49035 858.0000
 HR13   36.02752 -120.49225 873.0000
 HR14   36.02592 -120.49410 902.0000
 HR15   36.02418 -120.49597 961.0000
 HR16   36.02253 -120.49783 991.0000
 HR17   36.02087 -120.49970 1073.0000
 HR18   36.01920 -120.50152 1045.0000
 HR19   36.01753 -120.50342 1011.0000
 HR20   36.00422 -120.51840 992.0000
 HR21   36.00257 -120.52030 958.0000
 HR22   36.00090 -120.52217 934.0000
 HR23   35.99923 -120.52405 897.0000
 HR24   35.99758 -120.52590 873.0000
 HR25   35.99592 -120.52777 849.0000
 HR26   35.99425 -120.52965 800.0000
 HR27   35.99260 -120.53152 763.0000
 HR28   35.99092 -120.53338 760.0000
 HR29   35.98925 -120.53527 675.0000
 HR30   35.98762 -120.53712 686.0000
 HR31   35.98593 -120.53900 735.0000
 HR32   35.98427 -120.54087 766.0000
 HR33   35.98262 -120.54273 717.0000
 HR34   35.98095 -120.54462 695.0000
 HR35   35.97928 -120.54647 670.0000
 HR36   35.97763 -120.54833 670.0000
 HR37   35.97597 -120.55022 662.0000
 HR38   35.97425 -120.55208 658.0000
 HR39   35.97272 -120.55407 652.0000
 HR40   35.97113 -120.55607 646.0000
 HR41   35.96958 -120.55805 658.0000
 HR42   35.96803 -120.55998 678.0000
 HR43   35.96643 -120.56200 706.0000
 HR44   35.96487 -120.56398 686.0000
 HR45   35.96327 -120.56597 712.0000
 HR46   35.96170 -120.56795 719.0000
 HR47   35.96010 -120.56995 745.0000
 HR48   35.95857 -120.57192 736.0000
 HR49   35.95698 -120.57392 719.0000
 HR50   35.95542 -120.57590 728.0000
 HR51   35.95383 -120.57788 742.0000
 HR52   35.95227 -120.57985 757.0000
 HR53   35.95068 -120.58182 730.0000
 HR54   35.94910 -120.58385 734.0000
 HR55   35.94753 -120.58582 703.0000
 HR56   35.94598 -120.58778 677.0000
 HR57   35.94438 -120.58977 670.0000
 HR58   35.94278 -120.59178 672.0000
 HR59   35.94125 -120.59373 657.0000
 HR60   35.93967 -120.59572 579.0000
 HR61   35.93807 -120.59767 535.0000
 HR62   35.93653 -120.59965 580.0000
 HR63   35.93497 -120.60167 591.0000
 HR64   35.93338 -120.60363 562.0000
 HR65   35.93182 -120.60560 578.0000
 HR66   35.93023 -120.60760 615.0000
 PL11   35.97425 -120.55210 667.0000
 PL21   35.97425 -120.55210 -1100.0000
 PL41   35.97425 -120.55210 -1172.0000
 PL31   35.97425 -120.55210 -1252.0000
 K001   35.96850 -120.56900 696.0000
 K017   35.96883 -120.56833 694.0000
 K033   35.96917 -120.56767 692.0000
 K049   35.96950 -120.56700 690.0000
 K065   35.96983 -120.56633 689.0000
 K081   35.97000 -120.56550 687.0000
 K097   35.97017 -120.56450 685.0000
 K113   35.97067 -120.56367 683.0000
 K129   35.97100 -120.56300 681.0000
 K145   35.97133 -120.56217 680.0000
 K161   35.97167 -120.56133 678.0000
 K177   35.97200 -120.56067 677.0000
 K193   35.97233 -120.55983 677.0000
 K209   35.97283 -120.55917 677.0000
 K225   35.97300 -120.55833 685.0000
 K241   35.97350 -120.55767 678.0000
 K257   35.97383 -120.55683 682.0000
 K273   35.97433 -120.55617 682.0000
 K289   35.97467 -120.55550 686.0000
 K305   35.97500 -120.55467 689.0000
 K321   35.97533 -120.55400 694.0000
 K337   35.97583 -120.55333 696.0000
 K353   35.97600 -120.55250 707.0000
 K369   35.97633 -120.55183 703.0000
 K385   35.97683 -120.55083 693.0000
 K401   35.97700 -120.54983 694.0000
 K417   35.97750 -120.54917 690.0000
 K433   35.97783 -120.54850 691.0000
 K449   35.97817 -120.54767 692.0000
 K465   35.97850 -120.54683 690.0000
 K481   35.97883 -120.54617 692.0000
 K497   35.97918 -120.54530 695.0000
 K513   35.97952 -120.54463 696.0000
 K529   35.97985 -120.54380 701.0000
 K545   35.98035 -120.54313 704.0000
 K561   35.98070 -120.54230 714.0000
 K577   35.98102 -120.54147 712.0000
 K593   35.98135 -120.54080 713.0000
 K609   35.98168 -120.54013 722.0000
 K625   35.98218 -120.53930 745.0000
 K641   35.98252 -120.53847 747.0000
 K657   35.98268 -120.53780 771.0000
 K673   35.98318 -120.53697 791.0000
 K689   35.98335 -120.53613 781.0000
 K705   35.98385 -120.53547 774.0000
 K721   35.98418 -120.53463 770.0000
 K737   35.98452 -120.53397 759.0000
 K753   35.98468 -120.53297 740.0000
 K769   35.98518 -120.53230 739.0000
 K785   35.98553 -120.53163 725.0000
 K801   35.98585 -120.53080 714.0000
 K817   35.98620 -120.52997 690.0000
 K833   35.98652 -120.52930 693.0000
 K849   35.98685 -120.52897 702.0000
 K865   35.98718 -120.52780 714.0000
 K881   35.98750 -120.52717 715.0000
 K897   35.98783 -120.52617 707.0000
 K913   35.98800 -120.52533 712.0000
 K929   35.98833 -120.52450 717.0000
 K945   35.98883 -120.52400 732.0000
 K961   35.98917 -120.52317 737.0000
 K977   35.98950 -120.52217 745.0000
 K985   35.98967 -120.52183 740.0000
 EADB   35.89522 -120.42262 258.0000 
 GHIB   35.83225 -120.34728 364.0000
 FROB   35.91095 -120.48688 265.0000
 VARB   35.92608 -120.44705 -63.0000 
