8000035 31.91800 103.55100 0.00000
8000072 30.96400 103.44400 20.00000
8000110 30.05100 102.89500 37.00000
8000115 32.14000 104.06500 0.00000
8000314 29.25300 102.20600 0.00000
8000454 32.49500 105.17500 27.00000
8000582 29.44500 103.07100 10.00000
8000687 32.13100 104.53500 25.00000
8000737 30.67100 103.31000 21.00000
8000744 31.79700 104.93900 28.00000
8000785 31.94000 104.57500 24.00000
8000799 31.74600 104.95400 29.00000
8000800 29.45200 103.07100 0.00000
8000819 32.42000 104.84400 24.00000
8001068 32.46500 105.12500 25.00000
8001110 30.87900 103.12300 22.00000
8001130 30.48000 104.85800 35.00000
8001142 30.49000 104.85600 32.00000
8001280 29.35000 104.96000 24.00000
8001296 29.38100 104.86000 21.00000
8001332 29.49100 103.75700 24.00000
8001345 32.09700 104.64400 25.00000
8001428 31.68400 103.85000 28.00000
8001438 32.02600 104.98900 40.00000
8001523 29.22600 102.26100 17.00000
8001711 32.47100 105.26100 25.00000
8001897 32.14500 104.48700 25.00000
8001936 31.69400 104.08300 25.00000
8001954 31.93600 101.94200 12.00000
8001996 31.60500 104.00200 25.00000
8002003 31.54600 103.94600 30.00000
8002013 29.59400 102.95800 11.00000
8002031 30.73200 104.88700 29.00000
8002113 30.51100 104.84600 37.00000
8002129 29.01400 103.62800 0.00000
8002143 31.26600 104.32400 18.00000
8002160 30.37500 101.59000 0.00000
8002190 29.11100 103.50200 5.00000
8002212 31.10600 103.49000 26.00000
8002283 32.21600 104.67300 25.00000
8002415 31.21600 103.91200 25.00000
8002444 31.22400 103.90000 21.00000
8002449 31.47400 104.18900 20.00000
8002461 29.41600 103.41400 0.00000
8002513 31.66000 104.16000 15.00000
8002619 31.13600 104.02200 16.00000
8002624 31.44700 103.65500 14.00000
8002680 31.29600 103.18100 22.00000
8002713 29.94400 103.50600 27.00000
8002719 31.81100 104.85800 20.00000
8002811 32.47000 105.37000 10.00000
8002855 29.21000 102.19700 8.00000
8002902 31.25600 103.48900 14.00000
8003389 32.14300 101.26100 0.00000
8003462 29.61800 103.30700 21.00000
8003602 29.33400 104.87000 21.00000
8003626 30.54000 104.42800 31.00000
8003736 32.21600 104.30800 14.00000
8003740 31.10600 103.43300 31.00000
8003763 31.90000 104.40000 15.00000
8003764 31.89500 104.25700 28.00000
8003767 31.40300 103.82600 26.00000
8003774 31.34700 104.08000 25.00000
8003862 30.79200 102.83400 0.00000
8003903 32.26800 104.76600 23.00000
8003968 32.10300 104.49900 28.00000
8003999 31.57000 104.94400 25.00000
8004007 30.94600 103.74700 7.00000
8004015 32.20900 101.48400 0.00000
8004059 29.60000 102.18000 8.00000
8004068 29.62100 102.14700 0.00000
8004205 32.32800 104.83700 26.00000
8004215 30.84000 103.77000 16.00000
8004226 30.82500 102.80100 0.00000
8004293 29.96800 103.04100 33.00000
8004510 31.94000 104.91400 21.00000
8004515 29.32500 104.00100 24.00000
8004517 29.32600 103.97300 23.00000
8004562 31.42500 103.87800 26.00000
8004576 32.30500 103.74700 0.00000
8004600 29.28500 104.18600 36.00000
8004629 31.76600 104.56600 29.00000
8004818 32.27300 104.23400 0.00000
8005100 31.96000 103.14000 10.00000
8005182 31.27000 105.08700 43.00000
8005229 29.68600 103.50900 17.00000
8005279 32.00200 103.01700 7.00000
8005317 32.15000 104.81000 11.00000
8005348 29.68100 103.52700 15.00000
8005365 29.42800 103.42300 23.00000
8005385 31.39000 104.29900 22.00000
8005488 32.22100 104.38200 25.00000
8005509 30.93700 102.78100 0.00000
8005572 30.48900 102.74500 21.00000
8005604 32.23700 104.33200 0.00000
8005621 32.47800 105.12100 30.00000
8005679 31.65000 104.53000 12.00000
8005810 31.86400 104.31200 25.00000
8005894 29.62000 102.12000 9.00000
8005979 31.93100 103.00300 0.00000
8006018 31.92900 104.90600 20.00000
8006138 32.41500 104.75600 23.00000
8006189 31.21000 103.77000 10.00000
8006257 31.38800 104.30200 16.00000
8006258 31.37100 104.29100 15.00000
8006349 29.70100 103.34700 25.00000
8006527 30.69400 103.33500 22.00000
8006600 32.08600 104.60500 22.00000
8006652 30.71200 104.84800 34.00000
8006659 29.14400 102.44300 23.00000
8006695 29.21000 102.83800 8.00000
8006697 31.57200 104.33800 34.00000
8006700 29.86900 101.34600 0.00000
8006713 32.41100 104.16800 0.00000
8006728 32.29700 105.24300 0.00000
8006923 31.00900 103.18000 25.00000
8006955 31.86200 105.11600 25.00000
8007002 30.09000 102.46600 12.00000
8007008 29.95500 101.56200 0.00000
8007029 30.79800 103.55000 12.00000
8007048 29.64000 103.06200 26.00000
8007075 29.63200 103.07000 25.00000
8007100 30.29200 102.22800 14.00000
8007148 31.21000 105.10100 31.00000
8007154 31.21200 105.10000 41.00000
8007157 31.21400 105.13100 34.00000
8007331 31.16200 102.94400 6.00000
8007359 31.29000 103.58000 9.00000
8007368 32.21400 104.30200 13.00000
8007401 31.39700 104.13000 9.00000
8007434 29.66500 103.50400 17.00000
8007610 30.33900 103.42500 29.00000
8007642 32.07100 101.10800 0.00000
8007650 31.65000 104.60000 12.00000
8007711 32.20700 104.31400 20.00000
8007801 32.26200 104.86200 23.00000
8007822 31.80400 105.12000 20.00000
8007840 30.18100 102.13400 0.00000
8007885 31.17200 103.70100 25.00000
8007888 31.62500 103.09000 15.00000
8007946 31.75200 101.27400 0.00000
8007985 30.49300 102.38000 12.00000
8007986 32.01900 103.88500 1.00000
8008069 30.95200 104.76700 20.00000
8008119 31.75000 103.30500 4.00000
8008187 32.21200 104.31400 14.00000
8008411 31.71900 103.38400 0.00000
8008439 32.43400 105.04200 13.00000
8008522 32.21400 104.31900 18.00000
8008586 31.28900 103.47200 7.00000
8008589 30.54100 103.22700 27.00000
8008645 31.60200 103.98300 26.00000
8008837 31.31800 103.42000 1.00000
8008882 30.70300 102.51500 12.00000
8008902 32.21000 104.44800 17.00000
8008998 29.42500 103.46200 0.00000
8008999 29.81300 103.05300 5.00000
8009038 31.01900 103.22700 14.00000
8009173 32.36000 105.02100 24.00000
8009258 32.38800 105.11400 13.00000
8009373 32.37800 104.81200 26.00000
8009425 31.32100 103.00000 5.00000
8009459 31.50800 104.31300 17.00000
8009464 31.50100 104.32300 17.00000
8009539 30.17200 102.78900 18.00000
8009562 32.32200 104.78100 36.00000
8009589 31.48100 104.30800 10.00000
8009606 31.23600 103.51600 9.00000
8009845 30.64900 102.25700 10.00000
8009848 30.66400 102.23700 3.00000
8009892 31.31900 105.39600 36.00000
8009900 31.29500 105.38200 40.00000
8009902 31.25600 105.37500 39.00000
8009907 31.77100 104.55700 39.00000
8009942 31.82300 104.31500 27.00000
8009951 31.91900 103.99100 7.00000
8009988 32.11800 104.06100 0.00000
8010023 32.31000 105.21000 10.00000
8010031 32.30700 104.57600 16.00000
8010098 29.38500 105.42400 40.00000
8010104 31.20200 102.77000 2.00000
8010184 29.96400 103.04800 32.00000
9000022 32.00100 103.89500 8.00000
9000046 30.25600 102.88300 37.00000
9000202 31.92000 104.21000 30.00000
9000260 29.30600 103.92800 33.00000
9000272 29.34600 103.93400 32.00000
9000625 31.63800 102.45400 0.00000
9000770 31.39500 105.31000 42.00000
9000789 32.09000 104.40000 26.00000
9000823 31.31700 105.38200 23.00000
9000836 29.67900 103.51600 28.00000
9000895 32.49600 104.99200 14.00000
9000908 32.31900 104.95100 31.00000
9000972 32.11300 104.48600 26.00000
9001024 31.46600 104.21700 26.00000
9001072 29.41200 104.99100 35.00000
9001083 31.51000 105.17800 30.00000
9001084 31.53600 105.16700 29.00000
9001264 31.57000 104.94000 24.00000
9001717 31.26000 103.21000 15.00000
9001727 32.35500 104.54400 0.00000
9001844 32.05600 104.40000 25.00000
9001954 30.64400 103.14400 21.00000
9002272 32.28700 105.45700 19.00000
9002319 29.79000 103.07400 26.00000
9002334 31.64200 102.41300 0.00000
9002419 32.29000 102.70400 16.00000
9002501 31.90600 103.58500 0.00000
9002527 31.23400 104.05500 18.00000
9002652 31.92000 104.28000 26.00000
9002858 29.66700 101.08900 0.00000
9002974 31.74400 103.92900 26.00000
9003135 29.44000 105.01200 43.00000
9003299 29.44200 101.14100 0.00000
9003400 32.36900 105.41400 20.00000
9003555 31.79100 104.53900 28.00000
9003815 32.17500 104.19600 15.00000
9004077 31.77200 104.96600 18.00000
9004097 31.61200 104.65500 29.00000
9004291 31.57200 104.90300 30.00000
9004328 31.75700 101.60100 0.00000
9004360 31.75400 104.62600 29.00000
9004367 31.88800 104.82900 15.00000
9004424 29.59700 103.01500 0.00000
9004431 32.32400 101.19300 3.00000
9004446 30.46300 102.95100 30.00000
9004447 32.26700 104.74400 25.00000
9004449 29.59300 103.01000 0.00000
9004463 30.69700 102.39900 12.00000
9004493 31.06000 104.42000 23.00000
9004495 31.07000 104.43000 22.00000
9004517 29.18700 103.76100 12.00000
9004631 32.34000 104.80500 22.00000
9004644 32.11100 104.44400 25.00000
9004805 31.78800 101.62800 0.00000
9004888 30.77100 104.53100 21.00000
9004892 29.25300 102.23700 3.00000
9004908 31.94700 105.04500 17.00000
9004924 31.59000 104.89000 5.00000
9004982 32.01300 104.32800 27.00000
9005131 31.40000 104.30000 10.00000
9005182 30.60900 103.15000 0.00000
9005220 32.20000 104.49000 5.00000
9005231 30.91000 103.16000 20.00000
9005237 31.38700 104.15800 19.00000
9005335 29.60000 103.04000 5.00000
9005402 31.78600 102.29800 6.00000
9005448 31.76400 103.52500 11.00000
9005639 29.46000 104.88000 42.00000
9005715 32.39000 101.86000 5.00000
9005729 29.41000 104.96000 10.00000
9005731 31.86000 102.78000 0.00000
9006023 29.03000 103.63000 11.00000
9006080 32.42000 104.80000 24.00000
9006089 30.39000 102.51000 14.00000
9006178 29.67000 103.17000 20.00000
9006276 29.03000 103.61000 0.00000
9006405 30.80000 104.73000 12.00000
9006411 31.68000 103.88000 22.00000
9006490 30.80000 104.68000 21.00000
9006529 30.84000 104.72000 20.00000
9006543 30.80000 104.73000 10.00000
9006564 30.93000 104.70000 20.00000
9006565 32.39000 105.12000 24.00000
9006686 31.91000 104.20000 25.00000
9006703 32.19000 104.59000 24.00000
9006716 31.15000 103.06000 3.00000
9006738 31.83000 103.67000 11.00000
9007050 32.01000 103.90000 6.00000
9007128 32.32000 104.63000 22.00000
9007276 31.21000 103.59000 10.00000
9007280 32.31000 104.54000 20.00000
9007368 32.44000 105.19000 25.00000
9007556 31.64000 102.37000 2.00000
9007660 30.63000 103.41000 10.00000
9007678 32.43000 101.85000 5.00000
9007737 32.30000 105.44000 10.00000
9007747 32.30000 105.37000 5.00000
9007767 32.42000 101.85000 0.00000
9007815 29.62000 103.21000 5.00000
9008004 31.90000 104.85000 25.00000
9008059 32.04000 104.06000 0.00000
9008343 31.83000 103.25000 5.00000
9008566 31.16000 103.90000 13.00000
9008568 31.58000 104.21000 20.00000
9008583 31.17000 103.88000 8.00000
9008586 31.17000 103.88000 4.00000
9008587 31.17000 103.90000 9.00000
9008623 30.58000 101.75000 5.00000
9008641 30.59000 101.75000 10.00000
9008738 31.90000 104.11000 9.00000
9008765 32.30000 105.33000 18.00000
9008850 31.60000 102.89000 5.00000
9008851 31.18000 104.41000 10.00000
9008871 30.70000 102.42000 3.00000
9008877 29.40500 105.45600 0.00000
9008900 32.06000 104.55000 12.00000
9009061 29.46000 101.12000 0.00000
9009251 32.20000 103.16000 5.00000
9009352 30.24000 103.60000 5.00000
9009456 30.83000 103.68000 15.00000
9009476 32.26000 102.61000 11.00000
9009520 32.41000 105.34000 15.00000
9009531 31.79000 104.20000 9.00000
9009542 31.28000 104.44000 8.00000
9009587 32.26000 105.29000 5.00000
9009590 29.93500 103.25200 36.00000
9009609 31.29000 104.40000 3.00000
9009615 31.29000 104.41000 9.00000
9009626 30.21000 103.62000 5.00000
9009637 32.17000 102.62000 5.00000
9009686 32.25000 104.98000 10.00000
9009821 32.37000 105.18000 10.00000
9009866 29.68000 101.09000 5.00000
9010025 29.95000 101.79000 5.00000
9010526 32.46000 105.37000 17.00000
9010628 29.73000 103.14000 5.00000
9010727 29.33000 103.96000 5.00000
9011293 29.42000 104.97000 5.00000
9011493 31.62000 102.84000 5.00000
9011550 32.42000 105.02000 20.00000
9011783 32.12000 104.05000 17.00000
9011896 29.43000 105.00000 11.00000
9012042 31.64000 102.38000 5.00000
9012079 31.09000 103.83000 11.00000
9012170 31.20000 103.53000 10.00000
9012288 30.90000 102.84000 9.00000
9012489 29.39000 105.04000 20.00000
9012527 31.82000 103.98000 5.00000
9012776 31.75000 104.75000 10.00000
9012804 29.81000 103.50000 5.00000
9012881 32.12000 105.12000 5.00000
9012999 29.42000 105.01000 4.00000
9013158 30.76000 103.50000 19.00000
9013159 30.78000 103.53000 15.00000
9013162 30.76000 103.53000 5.00000
9013182 31.81000 102.67000 5.00000
9013267 31.01000 101.26000 7.00000
9013428 31.11000 103.34000 7.00000
9013431 32.15000 102.64000 13.00000
9013506 31.75000 103.74000 5.00000
9013530 31.69000 104.11000 24.00000
9013610 29.61000 103.62000 15.00000
9013641 32.18000 102.61000 8.00000
9013784 31.46000 104.22000 4.00000
9013840 29.33000 101.23000 5.00000
9013854 29.63000 103.63000 16.00000
9013863 29.64000 103.61000 12.00000
9013876 29.65000 103.61000 12.00000
9014106 32.49000 105.18000 21.00000
9014322 29.06000 103.72000 7.00000
9014367 30.71000 102.54000 11.00000
9014498 29.66000 103.61000 9.00000
9014506 29.62000 103.61000 20.00000
9014513 31.94000 104.28000 9.00000
9014517 29.62000 103.64000 17.00000
9014526 29.69000 103.32000 5.00000
9014527 29.59000 103.62000 12.00000
9014541 31.15000 103.06000 5.00000
9014553 29.62000 103.63000 18.00000
9014645 31.88000 104.58000 15.00000
9014690 29.46000 102.82000 13.00000
9014709 30.39000 101.96000 12.00000
9014760 31.73000 104.23000 18.00000
9014852 32.36000 103.33000 5.00000
9015052 31.18000 103.77000 5.00000
9015113 31.41000 103.09000 10.00000
9015337 30.04000 103.11000 5.00000
9015571 30.83000 103.04000 14.00000
9015602 30.83000 103.06000 5.00000
9015669 30.84000 103.03000 5.00000
9015706 31.96000 104.05000 5.00000
9016108 31.91000 104.08000 5.00000
9016251 29.28000 105.00000 5.00000
9016290 29.41000 105.01000 8.00000
9016337 31.56000 104.33000 5.00000
9016459 32.20000 104.39000 5.00000
9016484 29.92000 103.24000 5.00000
9016730 29.58000 102.78000 20.00000
9016731 29.58000 102.78000 22.00000
9016783 32.45000 104.08000 15.00000
9016788 30.14000 103.16000 5.00000
9016810 30.77000 104.62000 5.00000
9016892 30.81000 104.58000 21.00000
9016909 30.80000 104.62000 16.00000
9017049 32.46000 104.75000 22.00000
9017123 29.45000 105.14000 6.00000
9017141 29.41000 105.04000 5.00000
9017260 32.00000 103.06000 10.00000
9017267 31.94000 103.48000 10.00000
9017406 30.15000 101.72000 5.00000
9017493 32.15000 104.98000 22.00000
9017499 32.14000 105.00000 20.00000
9017587 31.98000 103.01000 3.00000
9017787 29.98000 102.87000 5.00000
9017837 30.78000 104.59000 10.00000
9017874 30.28000 103.15000 10.00000
9018049 31.20000 104.51000 5.00000
9018149 31.48000 102.77000 9.00000
9018172 31.68000 104.41000 10.00000
9018193 31.48000 102.77000 5.00000
9018197 31.46000 103.96000 24.00000
9018210 31.46000 103.97000 15.00000
9018323 31.38000 103.88000 25.00000
9018361 29.70000 102.38000 5.00000
9018520 29.59000 102.76000 19.00000
9018841 30.32000 103.12000 5.00000
9019312 31.88000 101.34000 10.00000
9019429 29.60000 103.60000 5.00000
9020339 31.64000 105.14000 5.00000
9020353 31.13000 103.75000 5.00000
9020430 29.24000 105.21000 5.00000
9020701 31.57000 104.90000 10.00000
9020747 29.43000 101.10000 5.00000
9020753 30.79000 104.59000 5.00000
9020951 29.21000 103.68000 17.00000
9020999 29.01000 103.13000 4.00000
9021105 32.15000 103.54000 5.00000
9021217 29.45000 101.07000 5.00000
9021221 31.52000 103.65000 5.00000
9021274 31.60000 105.15000 5.00000
9021319 30.80000 103.57000 4.00000
9021390 31.78000 104.08000 26.00000
9021605 29.64000 103.30000 5.00000
9021625 29.65000 103.96000 17.00000
9021629 30.96000 103.68000 14.00000
9021672 32.11000 103.71000 5.00000
9021712 31.77000 101.28000 5.00000
9021798 31.23000 104.02000 5.00000
9021922 31.13000 104.02000 5.00000
9021948 31.14000 104.04000 10.00000
9022104 29.09000 103.75000 14.00000
9022108 29.09000 103.74000 10.00000
9022127 29.09000 103.75000 12.00000
9022128 32.09000 104.89000 5.00000
9022215 31.96000 104.42000 20.00000
9022241 30.21000 102.10000 14.00000
9022310 30.32000 102.07000 15.00000
9022350 30.95000 102.96000 13.00000
9022418 30.81000 105.29000 5.00000
9022615 30.72000 103.56000 3.00000
9022617 32.16000 103.73000 5.00000
9022757 29.64000 103.98000 10.00000
9022773 32.06000 103.46000 2.00000
9022865 31.73000 103.67000 10.00000
9022909 29.69000 102.67000 5.00000
9023073 30.84000 102.71000 5.00000
9023083 31.17000 103.71000 5.00000
9023139 30.56000 103.19000 28.00000
9023404 30.57000 103.04000 5.00000
9023417 29.68000 103.00000 5.00000
9023529 30.82000 104.56000 20.00000
9023857 32.27000 105.24000 15.00000
9024049 29.02000 102.43000 10.00000
9024312 29.42000 105.40000 5.00000
9024380 29.76000 101.73000 5.00000
9024511 29.18000 103.93000 6.00000
9024675 31.81000 105.14000 5.00000
9024698 30.79000 103.41000 2.00000
9024750 30.48000 102.65000 20.00000
9024964 32.25000 101.24000 5.00000
9025020 30.77000 104.74000 18.00000
9025022 30.77000 104.68000 18.00000
9025027 29.99000 102.96000 15.00000
9025042 31.54000 102.40000 5.00000
9025090 32.35000 101.13000 9.00000
9025116 31.74000 101.22000 5.00000
9025209 29.81000 102.03000 5.00000
9025388 29.37000 105.04000 28.00000
9025562 30.91000 103.51000 5.00000
9025569 32.45000 104.58000 5.00000
9025589 32.05000 103.12000 6.00000
9025610 31.66000 104.45000 12.00000
9025624 29.65000 102.89000 18.00000
9025657 32.26000 101.25000 4.00000
9025713 31.68000 104.99000 11.00000
9025830 30.70000 103.33000 5.00000
9025941 29.97000 103.21000 5.00000
9026048 31.53000 105.04000 5.00000
9026088 31.72000 103.81000 16.00000
9026198 30.50000 101.55000 5.00000
9026216 31.56000 105.04000 5.00000
9026218 31.50000 105.00000 5.00000
9026232 31.59000 104.95000 5.00000
9026240 31.56000 104.98000 5.00000
9026352 30.44000 103.20000 10.00000
9026407 30.95000 103.10000 18.00000
9026420 29.23000 103.58000 13.00000
9026601 32.05000 103.08000 8.00000
9026607 30.43000 103.07000 5.00000
9026831 29.92000 101.37000 5.00000
9026941 31.77000 102.10000 11.00000
9026955 29.96000 103.10000 5.00000
9027005 32.31000 104.29000 5.00000
9027055 32.21000 104.50000 5.00000
9027057 29.66000 103.11000 5.00000
9027143 29.38000 105.41000 15.00000
9027228 31.68000 104.41000 24.00000
9027328 29.41000 104.82000 23.00000
9027431 29.40000 104.98000 21.00000
9027529 31.59000 104.20000 20.00000
9027541 29.87000 103.06000 5.00000
9027565 31.76000 104.43000 16.00000
9027634 29.36000 103.08000 5.00000
9028041 30.91000 102.89000 5.00000
9028042 30.92000 102.87000 13.00000
9028173 31.40000 101.61000 9.00000
9028525 32.46000 103.59000 4.00000
9028547 29.79000 102.34000 13.00000
9028688 30.95000 102.98000 5.00000
9028862 31.79000 103.37000 5.00000
9028993 30.78000 102.62000 7.00000
9029031 30.68000 103.55000 13.00000
9029057 29.42000 104.12000 5.00000
9029147 30.45000 102.37000 12.00000
9029168 30.64000 102.40000 5.00000
9029251 29.43000 104.11000 5.00000
9029332 31.23000 103.80000 15.00000
9029387 32.11000 104.19000 18.00000
9029557 31.38000 104.13000 5.00000
9029621 29.23000 101.90000 5.00000
9029722 31.80000 101.26000 5.00000
9029754 29.88000 103.53000 5.00000
9029779 32.10000 104.21000 24.00000
9029801 32.12000 104.19000 15.00000
9030145 30.80000 102.77000 5.00000
9030385 30.22000 103.62000 15.00000
9030480 31.06000 105.23000 5.00000
9030630 31.33000 104.47000 5.00000
9030648 31.18000 105.21000 20.00000
9030741 30.18000 103.13000 5.00000
9030965 29.85000 102.60000 20.00000
9030972 32.44000 103.98000 5.00000
9030989 31.05000 101.08000 8.00000
9030999 31.04000 101.10000 10.00000
9031088 30.68000 104.93000 20.00000
9031112 30.72000 104.95000 20.00000
9031114 30.68000 104.91000 5.00000
9031130 30.66000 104.88000 5.00000
9031188 30.17000 102.88000 5.00000
9031198 30.20000 102.88000 5.00000
9031277 30.65000 104.92000 13.00000
9031301 29.63000 103.45000 5.00000
9031531 29.67000 101.08000 10.00000
9031586 30.77000 101.97000 10.00000
9031626 30.66000 104.96000 21.00000
1000345 32.16000 105.24000 22.00000
1000568 32.17000 105.24000 13.00000
1000572 30.38000 103.16000 5.00000
1000586 32.45000 101.43000 5.00000
1000588 32.45000 101.44000 5.00000
1000591 32.44000 101.43000 5.00000
1000737 29.48000 102.81000 5.00000
1000746 32.30000 101.86000 5.00000
1000995 30.38000 104.60000 5.00000
1001088 31.36000 104.45000 14.00000
1001208 30.62000 101.42000 5.00000
1001366 32.47000 104.16000 5.00000
1001392 32.49000 104.21000 5.00000
1001394 30.68000 102.06000 5.00000
1001413 32.27000 101.84000 5.00000
1001481 30.15000 102.79000 17.00000
1001608 29.48000 103.26000 9.00000
1001668 31.56000 102.12000 5.00000
1001949 29.58000 102.99000 5.00000
1001991 30.83000 104.58000 0.00000
1002133 32.00000 103.00000 5.00000
1002261 30.68000 102.49000 1.00000
1002374 30.21000 102.15000 8.00000
1002394 31.43000 101.55000 5.00000
1002420 29.65000 103.57000 15.00000
1002428 29.61000 103.26000 5.00000
1002470 29.44000 103.50000 0.00000
1002497 29.32900 105.37600 5.00000
1002632 30.19000 101.69000 5.00000
1002677 30.48000 101.91000 5.00000
1002682 31.74000 104.61000 5.00000
1002749 32.17000 104.08000 5.00000
1002940 31.06000 101.05000 14.00000
1002942 31.73000 101.21000 5.00000
1002979 30.39000 104.60000 16.00000
1002981 30.92000 103.02000 15.00000
1002986 30.39000 104.61000 21.00000
1002990 30.40000 104.60000 20.00000
1003003 30.40000 104.60000 21.00000
1003009 30.90000 103.01000 5.00000
1003050 30.38000 104.60000 15.00000
1003054 30.36000 104.68000 10.00000
1003083 31.69000 104.51000 9.00000
1003209 30.41000 104.59000 11.00000
1003294 31.80000 101.67000 15.00000
1003447 30.25000 103.11000 12.00000
1003466 30.67000 102.52000 17.00000
1003482 30.41000 104.60000 16.00000
1003714 30.76000 104.59000 5.00000
1003722 30.84000 104.61000 5.00000
1003723 30.82000 104.58000 24.00000
1003733 30.77000 104.58000 13.00000
1003764 31.82000 105.13000 10.00000
1003833 29.80000 102.14000 13.00000
1004079 30.43000 104.52000 12.00000
1004101 31.80000 101.67000 5.00000
1004109 29.99000 103.39000 19.00000
1004133 30.80000 104.54000 5.00000
1004155 30.39000 101.63000 5.00000
1004311 32.41000 104.51000 8.00000
1004328 31.83000 105.12000 5.00000
1004330 31.79000 105.15000 5.00000
1004331 29.36000 105.46000 30.00000
1004350 30.37000 104.64000 18.00000
1004355 29.45000 105.01000 16.00000
1004403 30.43000 104.57000 5.00000
1004573 31.84000 103.96000 5.00000
1004889 32.33000 105.04000 14.00000
1005136 29.70000 104.22000 5.00000
1005553 31.25000 102.01000 5.00000
1005593 29.43000 101.13000 8.00000
1005738 29.45000 101.13000 12.00000
1005968 29.67000 104.78000 15.00000
1005969 32.19000 105.24000 10.00000
1005990 29.62000 104.24000 12.00000
1006063 29.96000 103.38000 5.00000
1006177 29.43000 101.13000 6.00000
1006239 30.23000 103.44000 5.00000
1006372 29.68000 104.58000 0.00000
1006534 30.26000 102.25000 13.00000
1006565 31.77000 103.80000 5.00000
1006587 30.67000 103.02000 9.00000
1006601 30.06000 103.27000 6.00000
1006882 31.81000 103.98000 3.00000
1006983 30.30000 103.22000 8.00000
1007116 29.85000 102.81000 6.00000
1007196 29.60000 102.15000 10.00000
1007199 29.60000 102.14000 10.00000
1007246 30.71000 102.44000 15.00000
1007278 32.41000 105.47000 14.00000
1007340 31.94000 103.41000 10.00000
1007343 30.81000 102.78000 5.00000
1007353 31.94000 103.41000 5.00000
1007462 31.49000 103.10000 5.00000
1007478 29.67000 101.10000 5.00000
1007520 30.54000 101.87000 5.00000
1007531 30.47000 102.36000 14.00000
1007715 30.56000 104.50000 11.00000
1007744 32.28000 102.41000 18.00000
1008040 29.39000 103.99000 5.00000
1008045 31.76000 103.31000 5.00000
1008085 29.76000 103.51000 16.00000
1008112 30.48000 103.26000 14.00000
1008128 30.26000 103.51000 20.00000
1008291 31.15000 103.44000 15.00000
1008309 29.13000 104.00000 10.00000
1008317 32.33000 101.53000 5.00000
1008352 29.17000 102.40000 5.00000
1008572 32.32000 102.40000 5.00000
1008627 30.60000 101.45000 8.00000
1008702 31.95000 103.54000 5.00000
1008735 30.69000 102.53000 6.00000
1008754 30.36000 101.58000 5.00000
1008757 29.91000 101.38000 6.00000
1008779 29.79000 102.36000 13.00000
1008860 29.67000 101.10000 8.00000
1008895 32.02000 103.55000 5.00000
1008904 29.68000 101.09000 8.00000
1008947 30.71000 102.50000 16.00000
1008982 32.03000 103.73000 5.00000
1008984 30.65000 102.19000 5.00000
1009306 30.13000 103.48000 17.00000
1009316 30.13000 103.48000 16.00000
1009350 29.48000 103.98000 14.00000
1009626 31.95000 103.62000 5.00000
1009693 31.89000 104.41000 22.00000
1009704 32.05000 102.06000 8.00000
1009822 29.70000 103.45000 17.00000
1009964 29.46000 101.16000 5.00000
1010091 32.28000 102.41000 12.00000
1010210 30.57000 104.41000 7.00000
1010234 31.17000 103.49000 20.00000
1010323 31.83000 104.00000 5.00000
1010345 31.92000 102.71000 5.00000
1010475 31.81000 104.12000 10.00000
1010663 30.70000 102.47000 2.00000
1010683 29.54000 102.15000 15.00000
1011148 30.81000 103.00000 5.00000
1011502 30.65000 104.74000 8.00000
1011574 29.74000 103.52000 5.00000
1011584 30.50000 101.50000 5.00000
1011603 31.39000 104.95000 10.00000
1011605 31.40000 104.88000 12.00000
1011624 30.70000 104.68000 25.00000
1011633 30.68000 104.67000 11.00000
1011635 30.67000 104.72000 13.00000
1011644 30.67000 104.67000 12.00000
1011699 31.93000 101.09000 5.00000
1011710 30.71000 102.50000 11.00000
1011732 31.39000 104.94000 5.00000
1011737 29.75000 103.52000 0.00000
1011738 30.98000 102.98000 5.00000
1011743 30.71000 104.68000 5.00000
1011773 30.68000 104.65000 21.00000
1011780 30.68000 104.68000 26.00000
1011901 30.09000 102.75000 18.00000
1011966 31.78000 103.78000 5.00000
1011976 29.55000 102.20000 18.00000
1012021 32.40000 102.42000 15.00000
1012035 32.02000 101.08000 5.00000
1012039 29.80000 102.78000 5.00000
1012060 31.08000 102.99000 5.00000
1012299 31.87000 102.77000 10.00000
1012380 30.16000 102.45000 5.00000
1012486 31.57000 102.40000 5.00000
1012514 30.33000 103.28000 21.00000
1012532 32.37000 101.52000 5.00000
1012537 30.34000 103.28000 13.00000
1012538 30.30000 103.37000 15.00000
1012722 32.33000 104.89000 24.00000
1012766 29.81000 102.37000 5.00000
1012768 32.31000 104.83000 13.00000
1012814 32.41000 105.42000 6.00000
1012935 30.34000 103.27000 23.00000
1013008 29.93000 102.70000 10.00000
1013269 30.58000 104.52000 5.00000
1013283 31.68000 105.42000 13.00000
1013353 30.32000 103.31000 19.00000
1013362 32.43000 103.77000 5.00000
1013401 30.57000 104.54000 25.00000
1013422 30.80000 102.75000 22.00000
1013423 30.81000 102.76000 20.00000
1013429 30.80000 102.76000 20.00000
1013465 29.74000 103.50000 14.00000
1013551 29.27000 103.96000 20.00000
1013573 29.30000 103.98000 21.00000
1013582 29.26000 103.96000 21.00000
1013583 29.25000 104.00000 17.00000
1013586 29.27000 103.96000 17.00000
1013664 31.22000 102.55000 3.00000
1013695 30.66000 103.35000 5.00000
1013830 29.80000 102.92000 16.00000
1013866 31.17000 103.81000 12.00000
1013982 29.01000 102.26000 9.00000
1014052 32.44000 104.59000 11.00000
1014058 32.43000 104.57000 12.00000
1014130 32.45000 104.13000 5.00000
1014153 29.36000 103.16000 5.00000
1014223 29.44000 101.14000 5.00000
1014319 30.49000 102.03000 13.00000
1014382 29.82000 102.67000 2.00000
1014411 29.45000 103.24000 5.00000
1014440 30.47000 104.83000 16.00000
1014446 30.48000 104.87000 28.00000
1014515 29.24000 102.13000 14.00000
1014553 30.71000 102.50000 10.00000
1014809 29.14000 102.94000 5.00000
1015014 31.52000 102.41000 2.00000
1015055 29.82000 102.68000 11.00000
1015078 31.67000 101.48000 5.00000
1015154 31.59000 102.39000 5.00000
1015178 29.75000 101.16000 10.00000
1015307 31.14000 103.73000 21.00000
1015327 29.62000 102.00000 5.00000
1015442 31.27000 103.92000 25.00000
1015456 29.43000 101.08000 5.00000
1015569 30.58000 102.34000 5.00000
1015603 31.78000 104.66000 5.00000
1015759 29.44000 104.00000 15.00000
1015825 29.84000 103.42000 5.00000
1015838 29.13000 102.40000 6.00000
1015855 30.69000 102.48000 18.00000
1015881 32.47000 101.16000 6.00000
1016017 29.22000 102.34000 0.00000
1016159 31.92000 101.76000 9.00000
1016329 30.48000 104.85000 5.00000
1016379 31.99000 104.97000 20.00000
1016397 30.48000 104.89000 23.00000
1016408 31.70000 103.42000 5.00000
1016503 29.31000 102.24000 5.00000
1016593 29.43000 105.43000 5.00000
1016618 30.66000 102.39000 7.00000
1017006 29.01000 104.13000 14.00000
1017155 31.86000 102.68000 7.00000
1017214 29.48000 101.13000 5.00000
1017310 31.62000 101.37000 5.00000
1017481 30.24000 101.95000 10.00000
1017507 31.73000 101.30000 5.00000
1017571 29.69000 103.44000 7.00000
1017641 29.95000 103.88000 5.00000
1017695 31.36000 101.36000 5.00000
1017763 31.62000 103.41000 5.00000
1017874 29.89000 103.52000 15.00000
1018161 32.08000 104.48000 21.00000
1018252 32.06000 103.29000 5.00000
1018476 29.58000 102.09000 11.00000
1018507 30.02000 102.33000 5.00000
1018530 31.87000 102.70000 10.00000
1018545 30.27000 101.94000 5.00000
1018619 30.54000 102.42000 5.00000
1018696 31.18000 103.33000 10.00000
1018707 30.36000 101.63000 5.00000
1018729 30.98000 104.56000 6.00000
1018858 30.34000 103.26000 8.00000
1018882 30.78000 103.56000 15.00000
1018951 29.97000 101.59000 5.00000
1018959 30.86000 103.32000 15.00000
1019157 30.95000 103.61000 16.00000
1019446 30.50000 102.04000 5.00000
1019547 32.07000 103.08000 10.00000
1019594 29.37000 104.09000 0.00000
1019625 29.40000 104.10000 21.00000
1020034 29.24000 102.75000 13.00000
1020040 30.78000 102.21000 5.00000
1020112 32.19000 102.60000 13.00000
1020208 32.47000 103.88000 10.00000
1020422 32.35000 105.48000 21.00000
1020583 32.47000 103.86000 13.00000
1020640 30.04000 102.30000 12.00000
1020706 32.03000 101.96000 5.00000
1020738 31.92000 101.25000 5.00000
1020852 31.74000 102.20000 5.00000
1020969 30.79000 102.68000 5.00000
1021185 32.30000 105.12000 16.00000
1021245 32.35000 103.00000 5.00000
1021276 30.44000 103.15000 14.00000
1021355 29.71000 103.04000 10.00000
1021423 29.43000 101.11000 10.00000
1021495 30.02000 102.99000 5.00000
1021780 30.00000 102.32000 5.00000
1021793 31.93000 104.88000 23.00000
1021952 31.24000 102.55000 3.00000
1021982 29.84000 102.66000 12.00000
1100050 30.64000 104.90000 16.00000
1100052 30.65000 104.94000 5.00000
1100160 32.28000 101.26000 5.00000
1100335 29.50000 102.20000 5.00000
1100375 29.42000 101.13000 10.00000
1100399 30.01000 102.76000 16.00000
1100475 29.50000 101.10000 10.00000
1100488 30.58000 104.50000 18.00000
1100546 32.43000 105.44000 18.00000
1100650 29.95000 101.60000 5.00000
1100825 32.21000 104.58000 18.00000
1100995 30.56000 104.50000 5.00000
1101072 30.45000 103.37000 16.00000
1101273 31.39000 104.11000 15.00000
1101287 31.91000 104.84000 5.00000
1101326 31.38000 104.12000 9.00000
1101427 31.43000 101.63000 10.00000
1101465 32.14000 101.25000 10.00000
1101478 31.83000 104.07000 20.00000
1101533 31.79000 104.78000 16.00000
1101538 31.70000 101.68000 5.00000
1101544 30.24000 101.68000 10.00000
1101695 32.44000 104.65000 3.00000
1101810 32.46000 104.21000 5.00000
1101811 32.44000 104.20000 5.00000
1101818 32.46000 101.61000 5.00000
1101873 29.49000 103.60000 12.00000
1101904 31.71000 104.24000 14.00000
1101912 32.04000 102.00000 8.00000
1102114 30.06000 102.23000 8.00000
1102166 29.99000 101.36000 4.00000
1102419 29.51000 103.16000 11.00000
1102912 30.59000 105.27000 10.00000
1102953 31.89000 101.26000 5.00000
1102983 31.44000 104.14000 21.00000
1103147 31.62000 101.88000 5.00000
1103151 29.79000 101.31000 3.00000
1103183 29.15000 103.66000 5.00000
1103251 31.67000 102.33000 5.00000
1103311 30.91000 103.00000 16.00000
1103406 31.65000 102.04000 5.00000
1103444 29.25000 102.33000 13.00000
1103497 32.42000 105.44000 5.00000
1103507 31.90000 101.74000 5.00000
1103539 30.41000 104.61000 14.00000
1103681 31.26000 101.26000 8.00000
1103922 29.80000 101.33000 5.00000
1103948 31.53000 105.12000 5.00000
1104052 29.20000 102.40000 14.00000
1104228 29.33000 101.07000 5.00000
1104246 31.80000 103.87000 5.00000
1104249 30.49000 102.73000 5.00000
1104330 30.84000 102.76000 12.00000
1104371 31.67000 102.01000 5.00000
1104379 29.59000 103.27000 15.00000
1104549 31.95000 103.38000 5.00000
1104593 31.71000 105.03000 5.00000
1104678 32.24000 103.48000 5.00000
1104783 29.50000 102.21000 15.00000
1104801 30.42000 102.60000 18.00000
1104969 32.04000 102.73000 10.00000
1105118 32.11000 105.13000 5.00000
1105385 29.59000 103.20000 5.00000
1105404 29.36000 105.39000 16.00000
1105425 29.36000 103.59000 3.00000
1105430 31.67000 102.03000 5.00000
1105758 31.59000 104.01000 10.00000
1105859 29.67000 103.47000 5.00000
1106032 31.73000 105.01000 18.00000
1106113 32.18000 105.02000 15.00000
1106296 30.37000 103.60000 5.00000
1106379 31.75000 101.30000 10.00000
1106394 29.33000 103.07000 16.00000
1106527 29.94000 101.38000 10.00000
1106822 32.15000 101.87000 5.00000
1106823 32.13000 101.89000 4.00000
1106834 32.21000 101.89000 5.00000
1106877 32.15000 101.87000 8.00000
1106937 31.74000 101.29000 10.00000
1107005 32.14000 101.90000 10.00000
1107479 29.28000 105.18000 10.00000
1108003 32.28000 105.30000 5.00000
1108156 30.74000 102.34000 14.00000
1108195 29.68000 103.33000 17.00000
1108251 32.41000 104.64300 5.00000
1108286 29.99000 104.08000 15.00000
1108370 32.30000 105.41000 5.00000
1108430 31.82000 104.77000 21.00000
1108577 31.88000 101.09000 10.00000
1108598 29.62000 103.03000 17.00000
1109125 29.70000 103.32000 16.00000
1109144 31.80000 104.14000 19.00000
1109425 29.56000 102.70000 12.00000
1109575 31.77000 101.77000 7.00000
1109724 32.31000 103.72000 10.00000
1109848 30.16000 101.95000 15.00000
1110768 31.79000 103.76000 5.00000
1110875 31.95000 103.30000 5.00000
1110896 29.30000 101.08000 10.00000
1110900 29.29000 101.09000 10.00000
1110914 29.29000 101.10000 10.00000
1110916 29.30000 101.10000 5.00000
1111376 31.78000 101.26000 10.00000
1111646 31.92000 104.18000 23.00000
1111657 29.33000 101.10000 10.00000
1111947 31.83000 101.46000 10.00000
1111995 32.42000 105.47000 7.00000
1112099 30.47000 101.52000 5.00000
1112161 32.03000 104.08000 5.00000
1112220 31.85000 102.73000 5.00000
1112289 32.46000 103.78000 4.00000
1112314 31.31000 103.93000 26.00000
1112391 31.14000 104.04000 12.00000
1112559 29.30000 101.10000 15.00000
1112760 31.95000 103.45000 15.00000
1112821 29.80000 102.38000 15.00000
1113403 31.18000 103.86000 10.00000
1113527 30.49000 102.42000 13.00000
1113628 29.08000 102.11000 11.00000
1113658 29.04000 104.54000 19.00000
1113672 32.24000 103.45000 7.00000
1113709 32.48000 105.43000 5.00000
1113715 31.14000 103.10000 11.00000
1113738 32.07000 101.04000 10.00000
1113911 29.97000 102.79000 18.00000
1113915 29.97000 102.78000 5.00000
1114006 29.50000 104.00000 5.00000
1114095 32.08000 101.03000 10.00000
1114278 29.29000 101.11000 6.00000
1114355 29.43000 103.52000 19.00000
1114373 32.23000 102.62000 5.00000
1114437 30.91000 102.92000 5.00000
1114445 32.46000 104.15000 14.00000
1114455 32.45000 104.16000 5.00000
1114502 31.11000 103.09000 5.00000
1114621 32.49000 103.89000 10.00000
1114723 30.62000 102.20000 5.00000
1114741 29.29000 101.07000 5.00000
1114748 29.50000 104.00000 17.00000
1114750 29.48000 104.19000 2.00000
1114826 30.84000 102.86000 5.00000
1114838 31.17000 103.71000 22.00000
1114852 31.58000 102.42000 6.00000
1114959 32.27000 104.98000 24.00000
1115083 32.31000 101.14000 10.00000
1115096 32.30000 101.12000 7.00000
1115164 31.34000 104.08000 25.00000
1115180 31.47000 104.97000 17.00000
1115276 30.64000 103.04000 8.00000
1115322 31.84000 104.20000 6.00000
1115326 31.88000 102.78000 11.00000
1115329 32.01000 104.51000 20.00000
1115496 30.40000 101.58000 5.00000
1115580 29.88000 101.99000 16.00000
1115587 30.63000 103.49000 17.00000
1115641 30.67000 102.85000 21.00000
1115690 30.63000 101.41000 5.00000
1115820 32.17000 101.55000 10.00000
1115867 32.23000 105.38000 5.00000
1115921 32.29000 102.96000 12.00000
1115923 29.19000 101.82000 14.00000
1115988 30.02000 103.23000 16.00000
1116015 29.57000 103.82000 9.00000
1116120 29.93000 103.29000 21.00000
1116137 30.40000 102.56000 19.00000
1116209 30.23000 103.99000 17.00000
1116212 30.24000 103.95000 5.00000
1116214 29.64000 103.22000 24.00000
1116273 32.32000 104.76000 15.00000
1116303 30.13000 101.98000 8.00000
1116560 29.81000 102.00000 5.00000
1116584 29.38000 104.02000 21.00000
1116628 29.69000 102.68000 20.00000
1116648 29.40000 105.07000 20.00000
1116691 32.20000 101.55000 6.00000
1116852 29.24000 102.31000 12.00000
1116855 31.81000 103.98000 21.00000
1116871 31.65000 104.05000 14.00000
1116980 29.37000 105.15000 20.00000
1117094 29.66000 102.86000 18.00000
1117185 30.54000 102.58000 15.00000
1117237 31.76000 101.69000 10.00000
1117289 30.01000 102.66000 9.00000
1117461 30.50000 101.53000 10.00000
1117463 29.66000 102.85000 15.00000
1117474 31.84000 104.19000 22.00000
1117476 30.97000 103.67000 20.00000
1117733 30.04000 102.67000 14.00000
1117822 30.54000 103.38000 7.00000
1117823 31.21000 103.45000 22.00000
1117830 29.17000 102.01000 10.00000
1117877 30.66000 102.06000 9.00000
1117946 29.26000 103.59000 18.00000
1118050 29.64000 104.53000 6.00000
1118304 31.43000 104.92000 10.00000
1118323 29.80000 102.38000 18.00000
1118473 29.29000 103.12000 7.00000
1118519 31.37000 103.79000 20.00000
1118554 31.70000 101.49000 5.00000
1118638 30.72000 102.40000 10.00000
1118681 30.53000 103.28000 21.00000
1118697 31.90000 101.84000 5.00000
1118699 31.90000 101.85000 12.00000
1118701 31.91000 101.84000 10.00000
1118772 30.66000 102.03000 5.00000
1200016 29.82000 101.28000 10.00000
1200145 31.56000 103.54000 5.00000
1200165 30.32000 102.11000 5.00000
1200256 29.52000 103.99000 8.00000
1200271 32.22000 104.77000 22.00000
1200322 31.12000 103.09000 10.00000
1200349 29.19000 102.06000 10.00000
1200463 31.16000 103.07000 5.00000
1200558 29.64000 102.81000 17.00000
1200611 29.70000 102.56000 6.00000
1200621 31.36000 104.13000 6.00000
1200705 31.96000 103.76000 5.00000
1200759 32.04000 102.46000 14.00000
1200764 30.33000 102.74000 6.00000
1201023 30.77000 104.67000 5.00000
1201033 30.85000 104.65000 10.00000
1201056 31.76000 102.18000 5.00000
1201241 31.85000 104.66000 17.00000
1201244 30.11000 102.54000 18.00000
1201318 30.96000 103.48000 19.00000
1201360 32.05000 102.10000 6.00000
1201407 29.20000 103.97000 11.00000
1201541 30.51000 101.55000 14.00000
1201637 32.05000 101.95000 5.00000
1201681 31.76000 102.13000 5.00000
1201719 31.88000 101.94000 11.00000
1201797 31.92000 104.86000 0.00000
1201800 31.04000 103.26000 15.00000
1201812 31.68000 102.35000 5.00000
1201819 31.04000 103.10000 19.00000
1201851 29.55000 102.22000 15.00000
1201857 32.24000 103.50000 5.00000
1201871 29.55000 102.22000 14.00000
1201903 30.56000 101.46000 14.00000
1201975 32.30000 105.40000 8.00000
1202030 31.33000 103.68000 25.00000
1202112 30.10000 101.80000 5.00000
1202115 30.06000 101.80000 5.00000
1202133 32.06000 101.01000 5.00000
1202180 30.55000 101.17000 5.00000
1202212 30.08000 101.81000 5.00000
1202222 32.30000 102.05000 7.00000
1202229 30.31000 102.16000 11.00000
1202252 30.69000 103.33000 21.00000
1202319 31.59000 103.90000 19.00000
1202437 31.31000 103.48000 20.00000
1202485 30.50000 103.72000 8.00000
1202534 31.18000 103.51000 18.00000
1202561 32.25000 104.69000 13.00000
1202565 31.01000 103.33000 18.00000
1202597 31.71000 101.25000 10.00000
1202613 31.76000 101.21000 14.00000
1202785 31.15000 103.01000 12.00000
1202794 32.29000 102.71000 6.00000
1202833 31.14000 103.57000 18.00000
1202851 31.97000 104.56000 16.00000
1202864 29.81000 102.09000 16.00000
1202915 30.27000 103.06000 16.00000
1202968 31.71000 103.50000 13.00000
1203017 32.36000 101.45000 5.00000
1203104 31.99000 103.05000 12.00000
1203105 31.98000 103.04000 5.00000
1203127 30.56000 102.43000 5.00000
1203165 31.72000 104.34000 8.00000
1203222 32.17000 103.14000 10.00000
1203315 31.00000 103.16000 15.00000
1203353 31.16000 103.29000 21.00000
1203363 30.67000 104.88000 11.00000
1203366 32.08000 104.48000 17.00000
1203373 30.68000 104.92000 15.00000
1203386 30.71000 104.90000 11.00000
1203387 32.20000 105.16000 19.00000
1203490 32.46000 105.05000 10.00000
1203494 29.81000 102.37000 0.00000
1203538 32.14000 103.98000 5.00000
1203654 31.05000 101.08000 10.00000
1203781 31.68000 101.93000 7.00000
1203849 32.46000 104.95000 7.00000
1203958 29.50000 104.00000 13.00000
1203967 31.03000 103.33000 19.00000
1203985 30.06000 102.72000 9.00000
1204017 29.71000 103.18000 10.00000
1204060 30.10000 101.79000 5.00000
1204068 32.02000 102.74000 7.00000
1204087 30.07000 102.68000 11.00000
1204200 31.28000 103.58000 22.00000
1204202 31.79000 104.54000 16.00000
1204333 32.00000 101.73000 13.00000
1204406 29.26000 103.40000 17.00000
1204438 30.29000 102.45000 5.00000
1204478 32.35000 101.51000 5.00000
1204489 31.79000 104.32000 22.00000
1204505 29.74000 102.04000 15.00000
1204559 30.53000 101.49000 5.00000
1204569 31.68000 101.72000 5.00000
1204589 29.60000 102.11000 14.00000
1204757 29.58000 103.22000 10.00000
1205038 31.47000 103.95000 20.00000
1205056 29.17000 102.07000 10.00000
1205176 31.27000 103.73000 25.00000
1205220 31.00000 103.42000 15.00000
1205315 31.28000 103.21000 17.00000
1205334 32.34000 104.74000 15.00000
1205346 29.24000 101.88000 7.00000
1205358 29.59000 103.00000 5.00000
1205391 30.15000 102.49000 10.00000
1205424 30.82000 104.66000 10.00000
1205458 32.46000 105.05000 19.00000
1205615 31.62000 103.47000 17.00000
1205617 31.32000 103.46000 20.00000
1205775 31.68000 104.08000 23.00000
1205830 32.19000 101.56000 5.00000
1205900 29.04000 102.79000 12.00000
1205966 32.20000 103.50000 8.00000
1206015 31.73000 104.18000 20.00000
1206045 31.82000 104.13000 20.00000
1206114 31.98000 102.00000 5.00000
1206242 29.13000 104.08000 12.00000
1206256 31.91000 104.14000 20.00000
1206395 32.27000 101.27000 5.00000
1206419 31.34000 103.35000 15.00000
1206473 31.48000 105.22000 5.00000
1206539 31.88000 102.79000 13.00000
1206540 31.86000 102.79000 5.00000
1206560 31.47000 105.22000 21.00000
1206608 31.48000 105.20000 5.00000
1206701 29.30000 102.18000 11.00000
1206752 30.00000 102.42000 17.00000
1206816 31.71000 103.49000 8.00000
1206817 31.71000 103.50000 12.00000
1206820 29.90000 102.86000 18.00000
1206823 31.71000 103.49000 6.00000
1206903 32.22000 101.82000 5.00000
1206921 30.16000 102.50000 19.00000
1207067 31.08000 101.03000 9.00000
1207100 30.23000 102.08000 5.00000
1207153 29.03000 103.67000 13.00000
1207301 30.25000 101.69000 5.00000
1207328 31.17000 104.04000 14.00000
1207603 29.47000 103.27000 5.00000
1207641 31.07000 101.02000 6.00000
1207664 29.35000 103.06000 18.00000
1207667 30.24000 103.36000 8.00000
1207686 31.38000 103.33000 20.00000
1207786 30.60000 105.26000 14.00000
1207818 32.44000 104.22000 5.00000
1207889 29.01000 102.25000 13.00000
1207915 31.71000 103.50000 18.00000
1207990 29.34000 101.74000 5.00000
1207997 30.01000 103.21000 7.00000
1208042 31.96000 101.60000 5.00000
1208241 29.08000 102.39000 21.00000
1208353 32.14000 101.27000 5.00000
1208374 30.82000 103.36000 18.00000
1208379 31.21000 102.78000 9.00000
1208463 29.68000 103.02000 17.00000
1208729 31.89000 103.42000 9.00000
1208801 31.84000 101.91000 14.00000
1209027 29.11000 103.57000 5.00000
1209036 31.76000 101.44000 5.00000
1209047 30.24000 102.05000 5.00000
1209483 29.38000 103.10000 19.00000
1209519 31.91000 104.22000 10.00000
1209669 30.07000 103.20000 15.00000
1209696 29.86000 102.77000 5.00000
1209735 31.39000 105.24000 5.00000
1209869 29.14000 103.84000 5.00000
1209992 30.68000 102.44000 18.00000
1210087 29.02000 102.25000 14.00000
1210226 31.43000 101.51000 5.00000
1210288 31.03000 103.22000 14.00000
1210327 29.83000 102.00000 5.00000
1210448 29.48000 101.90000 5.00000
1210667 32.38000 104.18000 4.00000
1210765 29.08000 102.06000 16.00000
1210812 31.29000 103.51000 20.00000
1210818 30.14000 103.20000 11.00000
1210874 31.30000 103.76000 20.00000
1210895 31.73000 102.00000 10.00000
1210897 29.25000 103.85000 10.00000
1210961 31.19000 105.21000 8.00000
1211157 29.19000 102.09000 9.00000
1211328 32.34000 101.75000 10.00000
1211401 32.06000 103.48000 5.00000
1211754 29.41000 105.46000 11.00000
1211786 29.71000 103.44000 12.00000
1212029 32.40000 101.36000 18.00000
1212141 32.45000 104.60000 7.00000
1212452 29.46000 101.78000 8.00000
1212453 29.24000 102.33000 10.00000
1212534 32.21000 104.32000 5.00000
1212835 29.01000 102.27000 10.00000
1212902 31.69000 105.08000 16.00000
1212903 29.91000 103.41000 19.00000
1212942 29.95000 101.95000 6.00000
1212949 30.06000 103.20000 10.00000
1213085 29.41000 105.46000 5.00000
1213331 32.41000 101.38000 13.00000
1213333 30.06000 103.20000 17.00000
1213353 32.41000 101.40000 7.00000
1213460 30.16000 104.13000 6.00000
1213498 30.15000 104.16000 10.00000
1213742 32.20000 104.12000 16.00000
1213777 29.09000 104.34000 13.00000
1213797 29.32000 103.25000 6.00000
1213840 31.42000 103.92000 25.00000
1213850 32.18000 101.62000 5.00000
1214082 29.43000 102.84000 12.00000
1214221 30.22000 101.69000 10.00000
1214301 30.14000 102.86000 26.00000
1214302 31.02000 103.87000 6.00000
1214352 29.95000 102.95000 8.00000
1214448 31.03000 104.14000 4.00000
1214469 30.98000 103.44000 20.00000
1214489 30.97000 103.65000 19.00000
1214655 29.85000 102.03000 5.00000
1214661 29.56000 102.66000 5.00000
1214761 31.80000 101.80000 10.00000
1214794 30.05000 102.32000 5.00000
1214812 30.60000 103.41000 17.00000
1214911 29.02000 103.67000 18.00000
1214973 30.59000 103.38000 5.00000
1215009 30.08000 101.60000 6.00000
1215115 29.72000 102.83000 8.00000
1215170 30.29000 103.23000 18.00000
1215269 29.32000 105.22000 25.00000
1215289 29.32000 105.23000 22.00000
1215292 29.29000 105.19000 18.00000
1215298 29.31000 105.24000 12.00000
1215307 29.29000 105.22000 21.00000
1215377 29.34000 105.22000 5.00000
1215540 31.63000 104.88000 5.00000
1215547 31.89000 103.73000 5.00000
1215558 29.02000 102.48000 13.00000
1215713 30.59000 105.27000 9.00000
1215716 29.53000 102.04000 12.00000
1215721 32.48000 105.18000 17.00000
1215758 31.72000 101.62000 5.00000
1215965 29.81000 101.34000 5.00000
1216124 32.48000 105.40000 3.00000
1216286 29.70000 103.35000 11.00000
1216332 30.70000 103.06000 13.00000
1216439 29.07000 101.86000 6.00000
1216646 31.27000 103.74000 21.00000
1216649 31.01000 103.48000 14.00000
1216651 31.99000 102.35000 11.00000
1216710 29.82000 102.39000 16.00000
1216849 31.35000 103.36000 18.00000
1216983 29.47000 103.23000 12.00000
1217007 29.33000 103.29000 6.00000
1217048 31.73000 103.47000 16.00000
1217085 31.37000 104.95000 14.00000
1217195 29.31000 105.22000 5.00000
1217201 31.07000 103.77000 10.00000
1217252 29.01000 102.26000 14.00000
1217281 30.12000 103.27000 10.00000
1217335 30.66000 102.05000 5.00000
1217357 31.14000 103.35000 12.00000
1217422 30.65000 102.82000 20.00000
1217431 32.41000 103.77000 5.00000
1217469 29.84000 101.17000 12.00000
1300133 31.52000 103.29000 14.00000
1300219 31.66000 104.11000 23.00000
1300258 29.28000 101.12000 5.00000
1300304 31.06000 102.89000 6.00000
1300336 31.59000 103.98000 22.00000
1300380 29.53000 104.04000 11.00000
1300488 30.59000 103.20000 22.00000
1300527 31.51000 104.20000 22.00000
1300586 32.25000 104.88000 15.00000
1300587 30.64000 103.03000 10.00000
1300681 29.81000 102.82000 15.00000
1300687 29.95000 101.80000 5.00000
1300696 29.43000 103.54000 18.00000
1300728 29.32000 103.21000 10.00000
1300772 31.46000 104.04000 25.00000
1300784 31.91000 103.75000 5.00000
1300796 32.14000 102.41000 5.00000
1300819 32.21000 104.16000 9.00000
1300843 29.34000 105.21000 20.00000
1300869 32.41000 101.87000 5.00000
1300939 31.36000 103.50000 20.00000
1300976 29.98000 105.49000 10.00000
1301011 30.67000 102.00000 9.00000
1301031 29.96000 105.46000 10.00000
1301032 29.96000 105.49000 5.00000
1301036 30.00000 105.48000 19.00000
1301042 29.99000 105.48000 8.00000
1301215 30.47000 103.12000 5.00000
1301216 32.45000 105.13000 20.00000
1301262 30.07000 101.12000 5.00000
1301268 31.52000 103.26000 16.00000
1301382 30.25000 103.55000 6.00000
1301422 29.05000 103.67000 6.00000
1301456 29.51000 104.01000 14.00000
1301477 32.30000 104.97000 19.00000
1301559 31.20000 102.53000 5.00000
1301697 29.64000 101.97000 10.00000
1301717 32.09000 101.32000 5.00000
1301750 31.08000 102.68000 12.00000
1302017 31.74000 104.03000 23.00000
1302042 30.38000 102.48000 13.00000
1302150 29.47000 103.79000 19.00000
1302151 29.46000 103.79000 8.00000
1302183 32.30000 101.44000 10.00000
1302230 30.39000 102.38000 4.00000
1302249 32.03000 102.73000 5.00000
1302256 31.38000 103.48000 10.00000
1302300 32.40000 101.99000 5.00000
1302408 29.94000 101.97000 6.00000
1302417 29.93000 101.97000 10.00000
1302420 30.31000 103.15000 5.00000
1302517 31.20000 105.19000 24.00000
1302539 31.19000 105.20000 24.00000
1302563 29.85000 102.69000 3.00000
1302575 31.20000 105.20000 23.00000
1302629 30.50000 102.54000 5.00000
1302678 31.06000 101.05000 11.00000
1302680 29.45000 104.18000 11.00000
1302689 29.54000 104.15000 6.00000
1302789 31.18000 105.20000 19.00000
1302815 30.71000 103.18000 17.00000
1302871 31.20000 105.19000 19.00000
1302902 31.19000 105.20000 10.00000
1302920 32.01000 101.68000 5.00000
1302926 30.23000 103.24000 9.00000
1302972 29.34000 104.03000 21.00000
1302983 31.75000 103.71000 15.00000
1303118 31.20000 103.61000 13.00000
1303265 31.23000 105.20000 4.00000
1303390 30.10000 102.05000 11.00000
1303399 30.08000 102.04000 5.00000
1303480 30.98000 103.44000 16.00000
1303593 30.99000 101.54000 5.00000
1303697 29.29000 103.18000 13.00000
1303803 29.60000 102.68000 5.00000
1303805 29.36000 105.39000 5.00000
1303839 29.78000 103.71000 12.00000
1303870 30.09000 102.05000 8.00000
1303940 29.27000 101.10000 9.00000
1303945 32.28000 101.32000 7.00000
1304019 30.10000 102.06000 6.00000
1304093 29.35000 103.06000 5.00000
1304217 31.90000 104.34000 25.00000
1304224 30.07000 102.06000 9.00000
1304227 30.09000 102.06000 5.00000
1304389 31.24000 105.10000 15.00000
1304392 31.18000 105.15000 10.00000
1304397 29.46000 103.50000 6.00000
1304424 30.09000 102.06000 11.00000
1304479 29.24000 105.41000 11.00000
1304537 29.38000 105.14000 20.00000
1304564 30.81000 102.44000 11.00000
1304628 29.34900 105.39600 6.00000
1304630 32.38000 101.56000 5.00000
1304657 29.23000 105.39000 5.00000
1304692 31.19000 105.17000 21.00000
1304724 29.52000 102.22000 14.00000
1304835 30.09000 102.06000 6.00000
1304842 30.29000 103.86000 9.00000
1304846 31.70000 103.20000 13.00000
1304917 29.51000 104.02000 0.00000
1304954 30.38000 102.96000 20.00000
1305021 30.95000 103.26000 10.00000
1305086 30.02000 102.97000 5.00000
1305102 30.77000 103.33000 22.00000
1305377 32.49000 102.08000 7.00000
1305488 32.18000 101.49000 10.00000
1305674 32.37000 101.99000 10.00000
1305886 30.28000 102.93000 15.00000
1305895 30.17000 102.99000 19.00000
1305916 30.18000 102.85000 25.00000
1305921 30.18000 102.81000 12.00000
1305944 30.24000 102.94000 15.00000
1305954 30.31000 102.88000 26.00000
1306014 30.29000 102.88000 4.00000
1306021 30.39000 103.00000 17.00000
1306035 30.20000 102.89000 19.00000
1306078 30.31000 103.04000 17.00000
1306167 30.20000 103.03000 32.00000
1306183 30.24000 102.80000 14.00000
1306211 30.15000 102.85000 10.00000
1306298 30.35800 103.05100 27.00000
1306360 30.17000 102.84000 20.00000
1306365 30.27000 102.84000 22.00000
1306421 30.26000 103.00000 17.00000
1306728 32.06000 102.06000 9.00000
1308086 30.27500 103.20200 23.00000
1308282 31.36600 103.78700 25.00000
1308447 31.99100 101.65600 11.00000
1308968 32.28700 103.73000 19.00000
1309338 29.88000 103.44600 31.00000
1309423 31.73900 104.50800 20.00000
1309487 32.30700 101.43100 19.00000
1309618 30.49300 102.68400 10.00000
1309922 31.98700 102.53800 14.00000
1309952 31.72800 104.08500 25.00000
1310404 30.30600 102.72300 28.00000
1310634 30.09100 102.77100 18.00000
1310930 30.41500 102.96100 4.00000
1311509 30.47300 102.68100 8.00000
1311804 29.90700 101.88100 2.00000
1312063 29.95800 102.97500 24.00000
1312156 31.89100 103.42000 7.00000
1312254 30.37800 102.83000 25.00000
1313573 30.36100 102.98800 21.00000
1313648 30.28800 102.95700 21.00000
1314072 30.15300 102.74800 21.00000
1314144 30.60600 105.24500 26.00000
1314205 30.32300 102.75100 25.00000
1314288 29.27800 105.18300 17.00000
1314475 29.71700 103.25800 33.00000
1314571 30.82400 104.50700 2.00000
1314683 31.65100 104.05500 22.00000
1314706 30.11300 102.89000 15.00000
1314777 29.23600 104.91800 13.00000
1314821 29.27300 103.20700 19.00000
1314871 31.17600 103.31000 26.00000
1314906 29.80100 102.38700 4.00000
1315058 32.11600 101.42300 13.00000
1315062 30.80200 104.59500 5.00000
1315094 32.34800 104.88900 18.00000
1315250 31.71700 105.01800 19.00000
1315313 30.29800 102.72200 26.00000
1315341 29.81100 101.02300 25.00000
1315359 30.82400 104.55300 22.00000
1315386 32.31300 101.50100 17.00000
1315483 32.40100 104.81600 22.00000
1315533 32.00400 102.69400 16.00000
1315537 32.02200 102.69200 17.00000
1315773 31.95100 104.92500 5.00000
1315835 31.84900 101.02500 5.00000
1316051 31.07800 103.33200 14.00000
1316056 30.41400 102.90000 26.00000
1316074 29.57800 102.69300 19.00000
1316143 31.72600 105.01000 23.00000
1316521 29.34400 103.29600 2.00000
1316879 30.23100 102.86800 13.00000
1317091 29.99800 103.01100 30.00000
1317281 31.34700 105.00500 22.00000
1317386 32.33900 103.54000 15.00000
1317531 31.58800 102.96800 19.00000
1317761 29.96000 103.24900 27.00000
1317860 31.83100 102.98900 10.00000
1318138 29.23100 105.37700 13.00000
1318215 29.20800 105.41300 1.00000
1318249 30.92100 103.26800 25.00000
1318300 31.71800 104.13400 19.00000
1318403 29.07000 102.43500 26.00000
1318409 30.81300 103.12100 19.00000
1318460 30.59900 105.25500 5.00000
1318513 30.54600 103.32900 15.00000
1318522 29.22000 105.41100 12.00000
1318653 31.80300 102.57900 21.00000
1318872 30.36400 102.94000 15.00000
1318888 31.66800 104.36800 39.00000
1318981 32.34700 105.01100 25.00000
1319067 31.70000 103.40000 10.00000
1319085 31.05900 103.22900 19.00000
1319241 30.56700 102.18400 4.00000
1319475 31.43400 104.26600 23.00000
1319477 30.97100 103.66200 4.00000
1319790 29.70600 102.12300 4.00000
1319865 31.64200 102.29700 23.00000
1319922 31.70300 103.17500 18.00000
1319977 31.49500 104.23300 4.00000
1320106 31.69700 104.06600 25.00000
1320359 29.84000 102.21300 9.00000
1320393 29.92500 101.93200 20.00000
1320457 29.90400 101.89000 8.00000
1320470 30.12100 102.80900 20.00000
1320716 29.92600 101.91200 17.00000
1320862 31.53700 103.51800 1.00000
1321506 31.42400 101.76200 15.00000
1321734 29.99900 103.31400 5.00000
1323013 30.04800 102.28300 19.00000
1323315 29.30400 101.09200 5.00000
1323507 32.01000 101.85900 3.00000
1323532 31.92700 103.67000 12.00000
1323873 29.95400 102.92300 28.00000
1323967 31.36600 103.36200 10.00000
1323997 29.21100 103.12200 11.00000
1324177 32.41200 105.41700 14.00000
1324200 31.69300 104.24400 20.00000
1324605 31.34000 103.57600 26.00000
1324796 31.61300 104.73300 22.00000
1324809 31.60900 104.73900 19.00000
1324931 30.60200 105.27400 22.00000
1324963 29.08200 102.48400 25.00000
1325003 31.08100 104.39700 17.00000
1325008 31.09200 104.37200 13.00000
1325017 31.07100 104.37900 15.00000
1325147 32.05000 104.45000 20.00000
1325150 31.07400 104.37100 16.00000
1325216 31.95400 101.69700 2.00000
1325262 31.63400 103.09400 17.00000
1325270 31.24900 103.63800 19.00000
1325291 29.90800 103.20100 39.00000
1325354 31.61900 103.99900 21.00000
1325563 32.43500 103.79100 14.00000
1325668 30.17400 102.56600 11.00000
1325714 30.67400 102.47400 5.00000
1325783 32.49900 103.55700 10.00000
1326100 31.77700 104.98000 15.00000
1326177 30.09400 102.44200 20.00000
1326213 32.40500 101.61300 15.00000
1326306 29.99500 103.24200 34.00000
1326423 32.47300 103.59600 2.00000
1326520 29.93000 103.22700 35.00000
1326701 29.73100 102.61900 21.00000
1326702 29.73300 102.62400 20.00000
1326765 32.06700 101.36100 17.00000
1326918 31.69300 103.17900 22.00000
1326933 30.60500 105.27100 0.00000
1326940 31.76400 103.30600 20.00000
1326964 32.26800 101.44700 9.00000
1326982 32.39100 104.17000 8.00000
1326983 32.30800 101.45000 14.00000
1327074 30.08900 102.45300 20.00000
1327093 30.57200 102.88000 25.00000
1327177 32.27600 103.71900 15.00000
1327242 30.37900 102.58400 16.00000
1327320 30.26100 102.69000 5.00000
1327327 31.69900 103.17400 21.00000
1327477 31.96700 102.85000 5.00000
1327531 30.59500 105.27400 21.00000
1327532 31.13400 101.33600 13.00000
1327613 30.26100 103.74900 0.00000
1327738 31.65900 103.69100 20.00000
1327854 31.68700 103.18400 20.00000
1327914 31.57900 103.32800 22.00000
1327946 31.65800 101.46300 10.00000
1328001 30.37200 102.94400 14.00000
1328008 29.02900 102.40000 26.00000
1328063 31.12700 101.33400 15.00000
1328105 30.22500 102.85500 16.00000
1328127 31.13100 101.33600 16.00000
1328274 31.79800 101.51200 10.00000
1328416 31.71100 103.19600 19.00000
1328424 32.19000 105.17300 18.00000
1328559 29.51300 104.00200 0.00000
1328657 32.05400 101.06100 5.00000
1328667 31.35600 103.39000 20.00000
1328722 30.17900 102.45700 14.00000
1328724 30.11400 101.97800 20.00000
1328731 31.12700 101.34600 12.00000
1328741 29.21500 102.20900 21.00000
1328799 30.67800 101.38300 20.00000
1328882 31.62000 102.39100 10.00000
1328995 30.91400 101.49400 8.00000
1329039 31.11600 101.34800 15.00000
1329199 30.17300 102.45600 19.00000
1329203 29.04300 102.36200 29.00000
1329311 31.58500 101.81400 13.00000
1329314 29.61500 104.78600 18.00000
1329577 31.14100 103.78400 5.00000
1329657 30.08300 101.88400 17.00000
1329782 31.64000 102.42700 9.00000
1329784 31.63400 102.42500 13.00000
1329832 30.77800 101.33200 19.00000
1329884 30.91400 102.89400 14.00000
1329900 32.41700 104.96800 14.00000
1329969 30.23900 102.98800 12.00000
1330140 30.24800 101.64400 16.00000
1330150 29.66800 102.71300 0.00000
1330180 29.72300 102.86400 14.00000
1330258 29.33700 105.20700 5.00000
1330271 29.71900 103.02100 24.00000
1330304 29.35100 104.78600 11.00000
1330324 32.24700 104.92400 19.00000
1330343 29.33900 104.79500 12.00000
1330375 30.78300 103.49700 0.00000
1330403 29.35100 103.24800 18.00000
1330492 29.85800 101.97800 16.00000
1330493 29.87100 101.97900 13.00000
1330570 31.96600 103.02800 11.00000
1330572 29.61900 102.02200 17.00000
1330610 31.10800 101.35000 16.00000
1330643 29.36900 104.77600 0.00000
1330650 29.85900 101.97300 12.00000
1400208 32.09000 105.37700 2.00000
1400253 32.07600 105.37600 2.00000
1400267 32.09600 105.40400 10.00000
1400311 29.85800 101.98900 17.00000
1400316 29.56800 102.17100 21.00000
1400347 29.88200 101.98500 23.00000
1400470 29.86600 101.98700 14.00000
1400533 29.34700 104.78500 0.00000
1400610 29.16300 103.70700 18.00000
1400645 31.29200 103.71100 20.00000
1400651 31.13700 102.99400 5.00000
1400674 32.32800 105.36800 24.00000
1400741 32.34600 101.55000 13.00000
1400870 32.09300 105.40000 21.00000
1400873 31.18800 105.21000 5.00000
1400874 31.25100 105.20100 8.00000
1400978 32.29400 101.46200 5.00000
1401026 31.58900 102.36900 6.00000
1401050 30.40200 102.56700 8.00000
1401099 32.17500 101.81100 11.00000
1401169 30.74900 103.17200 20.00000
1401230 32.49000 104.66000 19.00000
1401263 31.94200 102.74100 17.00000
1401402 31.46100 103.82800 20.00000
1401463 30.10200 102.48800 24.00000
1401561 31.02000 101.73900 20.00000
1401695 30.92800 101.01800 13.00000
1401779 29.12300 102.00700 10.00000
1401878 29.71400 103.23400 31.00000
1402164 31.11400 101.34800 12.00000
1402177 32.22400 102.68300 21.00000
1402190 29.46700 102.88100 13.00000
1402210 31.19800 105.19900 10.00000
1402266 30.17800 103.44500 15.00000
1402344 30.95200 103.40300 20.00000
1402386 31.69900 103.16400 23.00000
1402546 29.08400 102.29600 22.00000
1402566 31.11000 101.36600 9.00000
1402687 29.21500 103.87900 11.00000
1402704 29.21800 103.89800 5.00000
1402716 29.21700 103.87300 9.00000
1402721 31.51500 104.11600 19.00000
1402722 31.10000 101.35900 17.00000
1402787 32.49900 101.14600 16.00000
1402805 31.30300 103.13600 27.00000
1402831 30.17300 102.99800 26.00000
1402864 31.61500 102.38100 11.00000
1402891 29.20400 103.89800 5.00000
1402915 32.44600 105.35400 15.00000
1403043 29.97600 102.55000 19.00000
1403116 31.39300 103.91100 20.00000
1403121 31.42900 102.88600 5.00000
1403168 32.24300 104.95000 19.00000
1403182 32.44800 105.10600 16.00000
1403193 30.48600 102.56300 9.00000
1403205 31.78800 103.74400 18.00000
1403283 29.16200 103.42900 5.00000
1403289 29.61800 103.25100 24.00000
1403409 30.07800 103.05300 30.00000
1403472 31.13500 101.36100 4.00000
1403486 30.27000 101.66900 16.00000
1403576 30.25200 101.88500 6.00000
1403694 31.68800 103.19600 20.00000
1403827 30.34800 102.75300 10.00000
1403832 29.16900 104.83400 16.00000
1403838 30.48200 103.16300 13.00000
1403871 31.66400 104.03200 25.00000
1403880 30.29300 103.55100 24.00000
1403901 29.88300 103.63800 22.00000
1403941 32.44900 104.20400 3.00000
1403975 29.21200 102.31300 23.00000
1404020 30.37300 103.43500 25.00000
1404070 31.24300 103.45000 14.00000
1404081 32.34300 102.73900 10.00000
1404109 32.37100 102.72700 19.00000
1404126 32.35300 102.74400 23.00000
1404223 32.12100 104.91700 19.00000
1404320 32.07700 103.67600 5.00000
1404366 30.86500 102.95300 16.00000
1404436 31.88400 101.79900 2.00000
1404468 31.40900 103.84100 20.00000
1404711 31.17000 103.60000 15.00000
1404866 30.01300 102.98700 27.00000
1405197 29.98400 101.64300 20.00000
1405214 29.42500 101.04900 5.00000
1405219 29.29500 103.02600 18.00000
1405308 29.36300 102.38400 9.00000
1405309 29.36500 102.37900 10.00000
1405325 30.00700 102.98500 26.00000
1405706 30.17300 102.56500 9.00000
1405719 30.72600 103.17600 15.00000
1405722 31.62400 102.40200 2.00000
1405976 30.82600 101.27800 17.00000
1405977 31.49300 101.94400 18.00000
1406339 29.45900 104.86800 15.00000
1406554 31.93300 104.48600 16.00000
1406555 31.08100 101.37400 9.00000
1406725 29.82100 101.99400 12.00000
1406761 31.09300 101.36700 15.00000
1407090 31.03300 103.47100 24.00000
1407117 31.78900 104.96400 17.00000
1407182 31.08300 101.36700 15.00000
1407187 31.09700 101.38100 6.00000
1407338 31.50200 104.14800 20.00000
1411245 32.32800 103.04700 23.00000
1413477 29.20700 102.32300 27.00000
1413488 31.07400 101.37100 15.00000
1414545 30.71800 103.20200 25.00000
1414590 29.21700 103.86000 18.00000
1414639 30.42000 102.72800 21.00000
1415424 31.46400 105.06700 2.00000
1415473 31.56800 104.13200 17.00000
1415525 31.59700 102.76600 13.00000
1415560 30.25700 103.10800 34.00000
1415566 29.86400 101.98400 16.00000
1415706 31.91900 103.62400 10.00000
1415824 29.90400 103.40100 28.00000
1416216 31.79400 101.88200 2.00000
1416455 32.04000 101.04700 10.00000
1416623 32.25600 103.53400 22.00000
1416966 29.45500 103.40200 5.00000
1417242 30.48900 103.68200 10.00000
1417356 31.50800 105.03100 12.00000
1417489 29.72900 103.22700 30.00000
1417508 29.57300 102.01900 4.00000
1417552 29.41800 102.13600 15.00000
1417795 29.44100 101.06100 15.00000
1418155 30.41700 103.57100 24.00000
1418160 29.63800 103.09400 25.00000
1418162 29.38500 104.80800 12.00000
1418365 30.24400 103.57500 23.00000
1418406 29.14400 103.94500 2.00000
1418410 29.12400 103.95200 6.00000
1418504 29.11800 103.95400 3.00000
1418616 31.16800 102.83600 5.00000
1418742 29.29700 103.04300 5.00000
1418800 30.25800 103.05200 29.00000
1418804 31.50400 104.07600 19.00000
1419030 29.99800 101.64000 11.00000
1419068 30.28800 102.74200 20.00000
1419085 30.23800 103.55800 23.00000
1419162 31.52100 103.53600 2.00000
1419226 31.98800 101.90600 16.00000
1419262 31.41700 105.21300 22.00000
1419267 31.40200 105.26100 22.00000
1419282 30.42500 103.02600 25.00000
1419310 31.45000 105.22300 4.00000
1419371 31.43000 105.22000 5.00000
1419643 31.45900 105.20600 21.00000
1419962 29.77700 102.89900 10.00000
1420056 30.25900 103.10900 30.00000
1420406 31.83000 104.13000 20.00000
1420802 31.60100 103.98800 26.00000
1421533 31.79800 104.36500 13.00000
1422284 31.94500 101.38500 3.00000
1422520 30.39700 102.89000 25.00000
1422750 30.57900 105.26800 0.00000
1422861 29.55700 102.00900 13.00000
1423063 29.88400 103.14800 25.00000
1423076 29.62100 104.79800 9.00000
1423248 30.40700 102.56900 9.00000
1423350 29.04700 102.35100 15.00000
1423353 29.64300 104.81900 18.00000
1423470 30.48700 102.72700 0.00000
1423643 31.56900 103.30100 22.00000
1423754 29.71800 103.32300 18.00000
1423778 31.61900 102.39100 16.00000
1423933 29.48600 101.90300 16.00000
1423948 31.43000 105.20300 3.00000
1423954 31.27900 103.83700 20.00000
1424234 29.49000 101.91500 10.00000
1424737 29.89100 102.02800 22.00000
1424837 31.96500 103.31000 14.00000
1424874 31.30500 103.46300 15.00000
1424934 31.30400 103.44900 17.00000
1425192 29.87800 102.00100 19.00000
1425211 31.96100 101.57500 6.00000
1425448 31.55000 102.43400 15.00000
1425879 30.13000 102.91000 18.00000
1426376 30.03900 103.01000 32.00000
1429419 29.25800 102.17200 13.00000
1429473 29.14400 101.31000 10.00000
1429533 30.59800 103.21600 19.00000
1429562 29.13400 101.31400 4.00000
1429903 31.93000 105.12400 19.00000
1429930 31.62100 104.18100 13.00000
1429939 31.59000 104.31100 8.00000
1430039 30.28700 103.00000 17.00000
1430280 31.76900 104.64500 2.00000
1431887 31.29600 103.18400 19.00000
1431903 32.42100 103.78500 10.00000
1432049 31.92900 102.09200 18.00000
1432183 30.63400 103.07600 15.00000
1432500 29.12600 102.15000 15.00000
1432530 29.66100 104.88800 15.00000
1432843 30.00400 101.64300 5.00000
1433050 32.12700 103.02800 3.00000
1433058 31.26100 103.23200 20.00000
1433195 29.81500 102.56100 25.00000
1433405 32.44800 103.77200 16.00000
1433426 29.15600 102.11500 15.00000
1433500 32.11900 101.57900 14.00000
1433651 29.73300 103.08200 23.00000
1433672 29.43800 104.15300 4.00000
1433688 31.81600 104.14500 18.00000
1433691 29.79700 102.34900 0.00000
1433765 30.15500 102.56500 15.00000
1433780 29.72800 103.02400 24.00000
1433896 29.98500 101.95200 15.00000
1433944 31.90700 103.99600 15.00000
1433990 31.75800 103.28400 16.00000
1434072 31.50200 104.23500 20.00000
1434208 32.16300 101.52900 15.00000
1434251 32.27300 103.72300 17.00000
1434295 31.02200 101.10200 12.00000
1434381 29.72700 102.85600 20.00000
1434386 31.93400 103.63300 1.00000
1434416 31.89300 101.80900 11.00000
1434493 29.93900 103.13900 32.00000
1434581 31.76000 103.27900 15.00000
1434893 29.99000 103.07100 39.00000
1435156 30.32500 101.64300 5.00000
1435160 30.23800 101.72400 15.00000
1435209 30.26400 101.66800 19.00000
1435374 30.24000 101.71100 17.00000
1435503 30.27600 101.69800 9.00000
1435513 30.20400 101.70600 10.00000
1435589 30.02900 101.86200 14.00000
1435592 30.00700 101.84500 10.00000
1435876 30.20500 101.71900 16.00000
1435974 30.36400 101.58100 17.00000
1436183 31.96800 101.57800 15.00000
1436194 30.20800 101.70500 11.00000
1436198 30.32500 101.62600 9.00000
1436432 30.20400 101.70400 8.00000
1436475 30.02700 103.15300 27.00000
1436649 29.24900 103.89900 14.00000
1436678 30.24000 103.11000 29.00000
1436725 29.28700 104.02900 11.00000
1436731 29.29200 104.02900 15.00000
1436860 29.28400 104.01600 0.00000
1436906 29.04900 102.65400 10.00000
1438876 29.81400 102.38300 18.00000
1439212 31.14000 103.46300 18.00000
1439230 29.10500 102.34400 30.00000
1439351 29.91100 103.47000 24.00000
1439417 30.38300 101.58900 11.00000
1439423 31.97000 101.56300 15.00000
1439449 30.36400 103.05300 17.00000
1439617 30.31600 103.06200 15.00000
1439729 29.62700 102.13600 18.00000
1439800 31.97100 101.56800 14.00000
1440134 30.77800 102.13400 11.00000
1440186 29.23000 102.30900 5.00000
1440395 31.81400 103.30000 3.00000
1440458 29.59000 103.07900 27.00000
1440586 29.47900 103.99900 10.00000
1500087 29.20200 104.82000 18.00000
1500173 31.86600 102.07300 9.00000
1500195 31.85700 102.07900 10.00000
1500330 30.28100 101.68800 17.00000
1500447 30.74200 103.16400 5.00000
1500601 29.98400 101.64100 15.00000
1500715 31.83800 104.39000 9.00000
1500723 29.01900 104.80700 7.00000
1500832 31.46800 104.97700 5.00000
1500834 31.53500 105.05200 23.00000
1500842 31.51100 105.04700 23.00000
1500886 29.30000 103.20000 20.00000
1500912 29.31600 103.16900 22.00000
1500958 29.31100 103.16700 21.00000
1501100 29.73400 102.42900 23.00000
1501287 30.54500 103.20800 24.00000
1501315 29.17700 103.69500 15.00000
1501419 32.45700 104.19400 13.00000
1501681 31.58500 102.65400 5.00000
1501778 31.52700 105.11700 22.00000
1502058 31.53500 104.84200 23.00000
1502230 31.84100 102.66300 14.00000
1502240 30.29700 101.53900 9.00000
1502264 31.79500 104.22500 18.00000
1502289 31.68000 104.09700 19.00000
1502413 31.93200 104.28200 17.00000
1502645 31.53100 105.07900 15.00000
1502665 29.36600 101.13600 5.00000
1502669 31.73800 104.17800 5.00000
1502734 30.03500 103.13200 27.00000
1502803 30.75100 104.71400 5.00000
1503103 31.12500 104.01300 19.00000
1503232 31.59200 102.78700 16.00000
1503372 29.88500 103.04200 15.00000
1503422 29.98300 101.97500 16.00000
1503427 29.97500 101.93800 12.00000
1503431 29.98400 101.95800 11.00000
1503479 29.58800 102.99000 21.00000
1503556 32.27500 103.30800 11.00000
1503606 31.04700 102.10300 9.00000
1503611 31.16900 105.17700 10.00000
1503648 31.66700 104.01000 24.00000
1503689 30.43700 101.54400 3.00000
1503743 30.91200 101.47600 14.00000
1503839 29.15000 103.45000 8.00000
1503984 31.98000 101.57300 1.00000
1504064 29.92500 102.83700 20.00000
1504182 29.75800 103.16200 29.00000
1504191 31.32900 102.46100 19.00000
1504321 29.12000 103.65800 2.00000
1504437 31.99900 101.66300 13.00000
1504536 32.37200 105.29700 21.00000
1504652 31.66200 101.63400 9.00000
1504670 30.35200 101.61400 20.00000
1504703 30.10100 103.62100 25.00000
1504730 29.71700 102.60100 10.00000
1504848 29.21400 102.32100 25.00000
1504858 32.46900 103.78900 5.00000
1505080 29.22500 105.40300 10.00000
1505082 29.25600 105.35100 10.00000
1505083 29.24300 105.43400 5.00000
1505157 31.93700 104.36700 14.00000
1505276 30.44100 104.26800 22.00000
1505405 29.21300 105.39400 2.00000
1505419 30.53400 101.49600 20.00000
1505448 30.54400 101.49100 16.00000
1505631 31.99800 102.67900 11.00000
1505747 31.58500 102.65300 15.00000
1505873 30.02600 103.12700 25.00000
1506126 31.07800 103.35000 20.00000
1506129 29.05900 102.35800 26.00000
1506135 29.53800 103.74300 10.00000
1506184 31.35000 105.07600 15.00000
1506238 30.33700 101.64900 5.00000
1506297 31.34000 105.10000 5.00000
1506413 29.59500 102.81400 10.00000
1506474 29.64200 101.98500 15.00000
1506665 31.66800 102.16000 18.00000
1506774 31.58500 104.39800 5.00000
1506801 29.90100 103.07600 5.00000
1506830 32.47000 101.62800 16.00000
1506831 29.43500 103.45900 20.00000
1506855 30.36800 101.59800 10.00000
1506860 30.35400 101.59400 15.00000
1507056 29.65200 102.73600 2.00000
1507113 30.67600 104.51500 8.00000
1507147 31.25700 102.75300 17.00000
1507249 31.18100 105.15100 5.00000
1507275 32.15500 102.41400 14.00000
1507284 30.35200 101.59500 16.00000
1507299 30.52100 101.50900 15.00000
1507453 31.28200 103.46300 16.00000
1507719 30.52800 102.88100 25.00000
1507737 32.17300 101.81600 14.00000
1507740 31.32200 103.66500 25.00000
1507741 29.99800 103.02900 28.00000
1507759 29.79600 102.37200 16.00000
1507955 30.40400 102.74400 2.00000
1508040 31.99900 101.54900 10.00000
1508042 31.19700 105.18400 5.00000
1508191 32.16600 104.57800 16.00000
1508363 29.95800 103.20600 35.00000
1508367 31.23900 104.38200 16.00000
1508482 30.28000 102.78000 28.00000
1508567 31.37900 103.84800 20.00000
1508648 31.06300 103.64000 13.00000
1508657 29.03400 102.45800 10.00000
1508677 29.96600 103.06500 5.00000
1508686 29.00200 102.40100 5.00000
1508705 31.80000 102.05800 8.00000
1508713 32.46100 104.19900 17.00000
1508751 29.50600 102.40600 23.00000
1508874 29.80400 102.35300 5.00000
1508901 32.02700 102.83500 13.00000
1508964 32.44900 102.82900 12.00000
1509001 31.78700 104.22100 19.00000
1509073 32.46600 105.22100 24.00000
1509139 31.77500 102.10700 10.00000
1509487 30.36800 101.58600 23.00000
1509496 30.38700 101.59000 13.00000
1509497 30.37800 101.58600 5.00000
1509504 29.32100 103.17600 23.00000
1509514 29.29800 102.81100 17.00000
1509921 32.33200 103.59400 5.00000
1509929 30.18000 103.25700 23.00000
1510084 31.90200 103.34100 2.00000
1510209 31.95000 104.97700 2.00000
1510454 29.31300 103.98700 22.00000
1510608 32.41900 101.72800 10.00000
1510621 31.93600 104.29300 13.00000
1510650 30.36900 101.63200 2.00000
1510662 31.31700 105.08300 22.00000
1510668 31.32400 105.07900 10.00000
1510773 29.96900 101.46800 6.00000
1510924 31.24500 101.26600 9.00000
1511299 32.46400 101.82400 19.00000
1511810 30.47200 104.82700 21.00000
1511824 30.49800 104.83200 2.00000
1511853 31.24600 103.63400 20.00000
1511978 29.80300 102.36600 15.00000
1512230 30.52900 102.78700 5.00000
1512334 30.04300 102.32800 0.00000
1512701 31.32000 103.39500 20.00000
1512963 30.33000 101.63500 21.00000
1513115 29.30300 103.03400 24.00000
1513121 29.13000 102.11000 18.00000
1513160 31.88000 105.10700 18.00000
1513207 30.39300 101.60800 15.00000
1513240 29.97400 101.59100 19.00000
1513349 29.67200 102.65600 0.00000
1513469 31.66100 103.59800 17.00000
1513588 31.15900 103.86800 11.00000
1513634 32.44400 104.55000 12.00000
1513662 31.64700 102.13400 12.00000
1513722 32.44800 104.17700 7.00000
1513817 31.35100 103.16600 22.00000
1513843 31.81300 103.00100 13.00000
1513861 32.39500 104.15600 5.00000
1513965 29.12900 102.11000 17.00000
1513990 31.78000 104.77900 13.00000
1514080 32.15600 103.61600 13.00000
1514157 31.54700 102.99800 15.00000
1514384 32.17000 103.54900 18.00000
1514420 31.85300 102.10400 2.00000
1514527 29.69800 103.34700 5.00000
1514538 32.39000 104.94100 15.00000
1514671 29.65000 101.99500 18.00000
1514736 29.61100 104.61400 5.00000
1514744 29.56900 101.97300 15.00000
1514760 31.80200 104.35000 17.00000
1514790 30.20100 102.49400 14.00000
1514823 32.40700 104.22600 16.00000
1514892 29.69800 103.11500 26.00000
1514896 30.49800 104.79900 0.00000
1514902 30.04100 102.33700 19.00000
1514904 31.73300 104.14300 20.00000
1514905 30.04400 102.33100 23.00000
1514927 29.19600 104.82800 8.00000
1514937 29.78600 102.36100 5.00000
1514939 29.56700 101.98400 16.00000
1514998 29.87400 103.24200 25.00000
1515016 32.42100 104.96500 23.00000
1515051 29.21600 104.80900 7.00000
1515074 32.33000 103.56200 5.00000
1515114 29.88900 101.08200 11.00000
1515145 31.38800 104.42200 26.00000
1515245 31.27700 103.24200 20.00000
1515259 29.11000 102.10000 20.00000
1515440 29.72900 103.31600 30.00000
1515442 31.96400 102.92100 19.00000
1515479 30.01800 101.81900 9.00000
1515483 30.02800 101.82400 18.00000
1515907 29.57300 104.65500 16.00000
1515949 29.60900 104.63900 2.00000
1515994 31.65800 104.06500 20.00000
1516197 30.48100 104.75800 12.00000
1516202 30.49100 104.83600 17.00000
1516352 32.18800 103.54800 19.00000
1516457 29.60000 104.63900 15.00000
1516511 32.07200 103.52900 15.00000
1516572 29.60300 104.61800 10.00000
1516618 32.21400 104.13500 10.00000
1516743 31.87000 102.17000 12.00000
1516776 29.34700 105.38600 22.00000
1516913 29.54800 104.59700 17.00000
1516930 30.42100 102.72700 23.00000
1517002 31.83400 102.58400 15.00000
1517028 32.48100 104.03800 20.00000
1517098 29.19800 104.81400 12.00000
1517210 29.49700 104.58800 7.00000
1517219 29.60200 104.62800 2.00000
1517267 31.70300 103.68200 9.00000
1517289 30.15200 102.91200 13.00000
1517310 30.46200 103.08100 25.00000
1517336 32.31200 101.12200 9.00000
1517365 31.54200 101.16100 3.00000
1517422 29.49100 104.57400 14.00000
1517446 32.00000 101.90800 6.00000
1517449 31.99200 101.94200 10.00000
1517463 31.93900 104.27500 19.00000
1517493 31.83900 101.07000 2.00000
1517551 30.65400 103.02900 23.00000
1517607 30.18600 103.25100 2.00000
1517692 29.49800 104.58700 11.00000
1517707 32.05300 103.04600 5.00000
1517753 29.61300 102.08600 11.00000
1517787 32.06000 103.04700 6.00000
1517911 31.72700 104.22600 14.00000
1600043 29.28600 101.28100 6.00000
1600138 29.38000 104.09000 10.00000
1600239 32.49600 102.03300 8.00000
1600249 31.93700 103.57600 2.00000
1600255 31.67800 102.34400 14.00000
1600299 29.58400 104.64500 11.00000
1600316 31.23100 103.56200 17.00000
1600365 30.38700 102.53400 26.00000
1600368 31.98400 101.64400 1.00000
1600371 30.21300 102.78100 24.00000
1600415 29.99100 102.40700 5.00000
1600479 30.01000 102.42100 22.00000
1600727 29.69400 104.86400 19.00000
1600749 31.83100 103.50700 7.00000
1600752 30.91200 103.03500 15.00000
1600868 29.65600 103.04300 26.00000
1600879 29.85700 103.26400 25.00000
1600966 29.89500 103.28400 23.00000
1601012 32.22200 105.39900 20.00000
1601014 32.24600 105.39400 5.00000
1601024 32.23000 105.41200 7.00000
1601057 32.23200 105.40300 18.00000
1601131 31.12700 102.95200 17.00000
1601146 32.05400 102.73700 15.00000
1601207 29.34100 105.39000 20.00000
1601252 31.56800 102.12900 12.00000
1601411 30.75000 104.48600 22.00000
1601469 31.03100 103.24400 19.00000
1601486 31.19900 105.23300 19.00000
1601505 31.06700 101.04900 15.00000
1601811 30.72200 105.03200 2.00000
1601878 31.79700 104.76500 15.00000
1601879 31.79600 104.75600 12.00000
1601893 30.52500 101.54500 14.00000
1602113 31.24700 101.97400 4.00000
1602123 31.83900 103.86000 8.00000
1602138 31.50800 105.13400 22.00000
1602151 31.26000 103.14500 17.00000
1602173 30.49800 103.15900 2.00000
1602184 31.71700 103.85900 15.00000
1602216 29.39700 101.23000 5.00000
1602240 29.71700 104.87500 8.00000
1602755 29.49400 102.14000 5.00000
1602890 30.72500 102.73200 24.00000
1602916 31.48000 103.20600 15.00000
1603298 29.60400 102.00200 14.00000
1603383 29.60400 102.01300 4.00000
1603459 32.39800 105.45700 23.00000
1603481 29.57800 101.89600 1.00000
1603496 30.41100 102.57500 17.00000
1603509 29.62400 101.99400 8.00000
1603615 30.77400 103.43200 5.00000
1603772 29.60700 102.00000 16.00000
1603780 29.61400 101.99900 9.00000
1603853 31.84100 103.08600 13.00000
1603864 32.43300 105.45400 24.00000
1603866 31.14800 103.30900 25.00000
1604124 29.44900 104.20100 9.00000
1604148 29.87200 102.04100 19.00000
1604193 32.29100 103.73300 16.00000
1604445 29.67300 103.08500 2.00000
1604482 29.61700 102.00100 16.00000
1604541 29.74700 104.91600 2.00000
1604687 30.04500 101.81000 17.00000
1604711 32.03100 104.53300 17.00000
1604754 29.58200 101.88400 2.00000
1604825 31.70000 102.26000 20.00000
1604910 29.71500 104.86700 1.00000
1604918 29.68300 104.88500 16.00000
1604919 29.72000 104.87400 12.00000
1604930 32.43600 104.94800 16.00000
1604949 30.78300 101.07300 15.00000
1605039 30.43800 102.22700 10.00000
1605077 29.70500 104.87500 8.00000
1605182 31.59700 102.41600 5.00000
1605251 29.62300 101.96200 12.00000
1605347 31.46000 104.30000 10.00000
1605386 32.01000 101.33500 5.00000
1605418 30.01100 101.64500 16.00000
1605528 30.04700 102.33300 0.00000
1605563 30.01200 103.12200 5.00000
1605608 32.27600 103.71000 16.00000
1605688 30.98600 102.26200 14.00000
1605952 29.74200 103.06400 30.00000
1605965 31.52300 103.27500 19.00000
1606037 31.24100 103.43700 14.00000
1606169 29.01900 102.25900 20.00000
1606517 29.49900 102.14200 18.00000
1606613 29.50000 102.13400 16.00000
1606697 31.95600 101.12600 7.00000
1606699 31.94800 101.10700 19.00000
1606803 29.63700 102.01600 8.00000
1606828 31.34400 103.39800 17.00000
1606961 31.41500 103.06300 11.00000
1606966 30.54400 103.07200 25.00000
1607015 30.36400 101.61600 18.00000
1607099 29.64100 103.21300 26.00000
1607124 29.62000 101.96500 9.00000
1607262 30.60600 105.24300 20.00000
1607286 30.10900 102.52000 21.00000
1607324 30.21600 102.75100 10.00000
1607468 29.34800 103.09400 2.00000
1607671 29.66200 102.64700 20.00000
1607680 30.02900 101.58300 14.00000
1607755 31.97000 101.13100 5.00000
1607766 29.74000 101.11400 18.00000
1607791 29.72700 101.09300 16.00000
1607813 29.71900 101.08400 5.00000
1607849 29.72400 101.09500 6.00000
1607995 30.35400 101.59900 19.00000
1608165 31.24700 105.20900 9.00000
1608244 31.64100 103.02800 19.00000
1608327 31.99500 103.63000 16.00000
1608329 29.08100 102.34000 10.00000
1608427 31.66400 103.08400 15.00000
1608691 30.20200 102.81900 18.00000
1608829 31.71400 104.20700 15.00000
1608832 29.85800 103.70000 22.00000
1608871 30.21500 101.88600 8.00000
1608889 31.98900 101.66500 7.00000
1608890 30.97500 102.26500 10.00000
1608938 30.54500 103.08300 23.00000
1609029 30.53900 101.82900 12.00000
1609170 29.51900 104.80500 12.00000
1609171 29.53400 104.81100 19.00000
1609174 29.69600 102.68000 25.00000
1609216 31.98300 103.61500 10.00000
1609305 29.61300 101.98600 26.00000
1609363 31.57500 103.99300 22.00000
1609364 31.27400 103.25500 15.00000
1609425 29.93000 103.25500 2.00000
1609447 29.19100 103.39300 2.00000
1609468 29.71500 101.10700 8.00000
1609500 31.36500 105.23800 2.00000
1609524 29.59300 101.85700 2.00000
1609728 32.17400 102.57200 19.00000
1609792 29.48900 102.14500 19.00000
1609815 31.98900 104.31600 20.00000
1609854 29.62400 101.99000 15.00000
1609860 31.74000 102.73300 16.00000
1609868 32.20000 104.50000 18.00000
1609937 32.19900 103.47400 5.00000
1609974 31.75800 103.27100 20.00000
1609991 32.11700 104.52900 14.00000
1610008 29.73900 101.11500 17.00000
1610214 29.71000 104.86200 0.00000
1610280 32.03300 102.74000 15.00000
1610723 29.92100 102.74700 35.00000
1610813 32.11900 104.50900 18.00000
1610853 29.56300 101.89300 14.00000
1610873 29.38200 105.47800 18.00000
1610940 29.58400 101.88900 3.00000
1610948 32.30200 105.23900 22.00000
1611005 29.74900 101.97500 9.00000
1611211 32.04200 101.29000 2.00000
1611234 30.00400 102.66200 2.00000
1611341 29.89100 103.36100 5.00000
1611389 31.70800 103.75100 19.00000
1611406 29.70600 104.85800 2.00000
1611505 32.00200 104.93100 22.00000
1611570 31.96400 101.57200 10.00000
1611644 29.59700 103.33500 16.00000
1611676 30.18600 102.13400 4.00000
1611813 30.91800 103.30600 19.00000
1611848 30.06900 102.69200 2.00000
1611907 32.25700 101.73100 13.00000
1611951 32.48300 103.78700 15.00000
1611967 30.19300 102.13500 5.00000
1611969 31.57800 103.65900 18.00000
1611970 29.60400 102.74300 5.00000
1611974 29.44000 101.09600 11.00000
1611984 29.77200 101.04500 13.00000
1611989 32.41200 105.01500 26.00000
1612002 30.19200 102.13400 10.00000
1612005 31.65500 103.46400 16.00000
